0,0,-0.2786,-0.2716,0.5595,0.0093,0.1893,-77.7197,78.0092,0,0,0,1
1,1000,-0.1046,-0.4118,0.5426,0.0262,27.4426,-88.2205,60.0863,0,0,0,1
2,2000,0.0701,-0.5235,0.4521,-0.0013,52.4005,-88.8793,36.8376,0,0,0,1
3,3000,0.2176,-0.5543,0.3452,0.0085,72.4176,-81.7491,9.0858,0,0,0,1
4,4000,0.3874,-0.5595,0.1658,-0.0063,85.5171,-66.8433,-18.4475,0,0,0,1
5,5000,0.4964,-0.4826,-0.0104,0.0035,90.0427,-45.1777,-44.4636,0,0,0,1
6,6000,0.5568,-0.3888,-0.1776,-0.0096,85.1797,-19.0018,-66.3038,0,0,0,1
7,7000,0.5545,-0.2377,-0.3395,-0.0227,73.0009,9.1362,-82.0781,0,0,0,1
8,8000,0.5046,-0.0543,-0.4589,-0.0086,52.9644,36.4660,-88.9339,0,0,0,1
9,9000,0.4065,0.1075,-0.5349,-0.0209,28.0739,60.0783,-87.6266,0,0,0,1
10,10000,0.2776,0.2703,-0.5694,-0.0214,0.3580,77.5824,-78.1805,0,0,0,1
11,11000,0.1301,0.4128,-0.5304,0.0125,-28.0479,87.9254,-59.8138,0,0,0,1
12,12000,-0.0684,0.5103,-0.4494,-0.0075,-53.2147,89.6979,-36.9381,0,0,0,1
13,13000,-0.2289,0.5752,-0.3237,0.0225,-72.6989,82.3188,-9.1213,0,0,0,1
14,14000,-0.3667,0.5520,-0.1843,0.0010,-85.8531,66.4426,18.9403,0,0,0,1
15,15000,-0.4958,0.4774,0.0063,-0.0121,-89.4724,45.1896,45.2812,0,0,0,1
16,16000,-0.5601,0.3775,0.1635,-0.0191,-85.0747,18.9216,67.1201,0,0,0,1
17,17000,-0.5586,0.2250,0.3214,-0.0122,-72.4900,-9.6033,82.3072,0,0,0,1
18,18000,-0.5139,0.0712,0.4537,0.0109,-52.4663,-36.9350,89.3600,0,0,0,1
19,19000,-0.4193,-0.1274,0.5416,-0.0051,-27.3766,-59.9382,87.7078,0,0,0,1
20,20000,-0.2723,-0.2926,0.5742,0.0093,-0.3915,-77.6930,77.8580,0,0,0,1
21,21000,-0.1123,-0.4131,0.5311,0.0057,27.6512,-88.0480,60.1041,0,0,0,1
22,22000,0.0659,-0.5172,0.4563,0.0050,53.1933,-89.2084,36.7729,0,0,0,1
23,23000,0.2181,-0.5731,0.3197,-0.0353,72.3798,-82.4216,9.4160,0,0,0,1
24,24000,0.3917,-0.5478,0.1763,0.0202,85.0074,-66.3119,-18.3975,0,0,0,1
25,25000,0.4968,-0.4781,-0.0121,0.0066,89.4105,-44.4798,-44.5884,0,0,0,1
26,26000,0.5636,-0.3730,-0.1626,0.0280,85.4051,-18.4059,-66.6570,0,0,0,1
27,27000,0.5584,-0.2267,-0.3366,-0.0049,72.7404,9.1653,-81.9616,0,0,0,1
28,28000,0.5234,-0.0702,-0.4668,-0.0136,53.1486,36.1735,-88.9586,0,0,0,1
29,29000,0.4330,0.1105,-0.5470,-0.0035,27.9774,60.1494,-88.2818,0,0,0,1
30,30000,0.2929,0.2719,-0.5606,0.0042,-0.3147,77.4909,-77.6155,0,0,0,1
31,31000,0.1108,0.4171,-0.5264,0.0015,-27.4138,88.2634,-59.8821,0,0,0,1
32,32000,-0.0732,0.5082,-0.4635,-0.0285,-52.7562,89.7503,-36.5823,0,0,0,1
33,33000,-0.2186,0.5626,-0.3323,0.0118,-73.0940,82.0664,-9.3162,0,0,0,1
34,34000,-0.3833,0.5398,-0.1646,-0.0082,-85.6245,66.4455,18.7758,0,0,0,1
35,35000,-0.4934,0.4856,0.0106,0.0029,-89.8079,45.0080,44.6284,0,0,0,1
36,36000,-0.5482,0.3820,0.1719,0.0057,-85.4216,19.0362,66.8662,0,0,0,1
37,37000,-0.5708,0.2328,0.3250,-0.0130,-72.2595,-9.5530,81.7668,0,0,0,1
38,38000,-0.5049,0.0675,0.4537,0.0163,-52.8149,-36.8363,89.0115,0,0,0,1
39,39000,-0.4227,-0.1219,0.5468,0.0022,-27.4077,-60.4716,87.5231,0,0,0,1
40,40000,-0.2785,-0.2708,0.5596,0.0104,0.0653,-78.0953,77.3967,0,0,0,1
41,41000,-0.1056,-0.4128,0.5281,0.0097,28.1629,-88.1049,59.9340,0,0,0,1
42,42000,0.0664,-0.5195,0.4566,0.0035,52.9724,-89.3802,36.7287,0,0,0,1
43,43000,0.2203,-0.5533,0.3371,0.0041,72.5795,-81.8497,9.7959,0,0,0,1
44,44000,0.3656,-0.5580,0.1752,-0.0172,85.3083,-66.9615,-18.5421,0,0,0,1
45,45000,0.4913,-0.4982,0.0044,-0.0025,89.4528,-45.2603,-44.6735,0,0,0,1
46,46000,0.5403,-0.3775,-0.1690,-0.0062,85.2146,-18.3583,-67.0533,0,0,0,1
47,47000,0.5716,-0.2202,-0.3232,0.0282,72.2877,9.0239,-81.7964,0,0,0,1
48,48000,0.5132,-0.0545,-0.4517,0.0070,52.6086,36.8753,-89.2882,0,0,0,1
49,49000,0.4308,0.1186,-0.5437,0.0058,27.7933,60.5391,-88.2935,0,0,0,1
50,50000,0.2903,0.2779,-0.5782,-0.0099,-0.3505,77.8323,-77.9530,0,0,0,1
51,51000,0.1121,0.4299,-0.5297,0.0124,-28.0834,87.4037,-60.3872,0,0,0,1
52,52000,-0.0470,0.5167,-0.4582,0.0115,-52.4185,89.4468,-36.2328,0,0,0,1
53,53000,-0.2295,0.5756,-0.3387,0.0074,-72.4137,82.1735,-9.0557,0,0,0,1
54,54000,-0.3715,0.5425,-0.1853,-0.0142,-85.1717,66.6872,18.4905,0,0,0,1
55,55000,-0.4989,0.4960,-0.0100,-0.0130,-89.7154,44.8499,44.5257,0,0,0,1
56,56000,-0.5623,0.3662,0.1780,-0.0181,-85.5933,18.4798,66.7739,0,0,0,1
57,57000,-0.5542,0.2367,0.3443,0.0267,-73.0093,-8.9951,82.1111,0,0,0,1
58,58000,-0.5065,0.0475,0.4561,-0.0029,-52.4631,-36.2051,89.6149,0,0,0,1
59,59000,-0.4230,-0.1041,0.5434,0.0162,-27.6560,-60.2974,87.4896,0,0,0,1
60,60000,-0.2924,-0.2938,0.5532,-0.0331,0.1781,-77.7372,78.1187,0,0,0,1
61,61000,-0.1198,-0.4151,0.5239,-0.0110,27.3240,-88.1501,59.6535,0,0,0,1
62,62000,0.0715,-0.5157,0.4547,0.0105,53.0144,-89.5980,36.8659,0,0,0,1
63,63000,0.2161,-0.5675,0.3253,-0.0262,72.7799,-82.3376,9.4146,0,0,0,1
64,64000,0.3710,-0.5410,0.1652,-0.0047,85.6072,-66.6975,-18.7472,0,0,0,1
65,65000,0.4987,-0.4820,-0.0124,0.0043,89.5191,-44.6672,-44.9512,0,0,0,1
66,66000,0.5543,-0.3694,-0.1625,0.0223,85.3579,-18.4433,-66.4239,0,0,0,1
67,67000,0.5535,-0.2191,-0.3325,0.0019,72.7117,9.7313,-81.6968,0,0,0,1
68,68000,0.5217,-0.0675,-0.4603,-0.0061,53.1355,36.8134,-89.1008,0,0,0,1
69,69000,0.4205,0.1285,-0.5263,0.0227,27.8755,60.5140,-87.6274,0,0,0,1
70,70000,0.2904,0.2816,-0.5642,0.0078,-0.2901,77.5553,-77.3640,0,0,0,1
71,71000,0.1065,0.4116,-0.5298,-0.0116,-27.3293,87.9991,-60.3661,0,0,0,1
72,72000,-0.0669,0.5054,-0.4574,-0.0189,-52.6940,89.3590,-36.1080,0,0,0,1
73,73000,-0.2343,0.5693,-0.3449,-0.0099,-72.9428,82.2548,-9.4090,0,0,0,1
74,74000,-0.3726,0.5658,-0.1620,0.0312,-85.1814,66.3140,18.6576,0,0,0,1
75,75000,-0.4931,0.4877,-0.0037,-0.0091,-89.6793,45.0233,44.9810,0,0,0,1
76,76000,-0.5673,0.3796,0.1792,-0.0085,-85.0606,18.3147,66.5355,0,0,0,1
77,77000,-0.5549,0.2292,0.3299,0.0042,-72.5527,-9.4379,82.0144,0,0,0,1
78,78000,-0.5167,0.0724,0.4676,0.0234,-53.1414,-36.6036,89.4513,0,0,0,1
79,79000,-0.4192,-0.1131,0.5430,0.0107,-27.9349,-60.3867,88.2927,0,0,0,1
80,80000,-0.2737,-0.2859,0.5785,0.0188,-0.3137,-77.8997,77.6913,0,0,0,1
81,81000,-0.1209,-0.4099,0.5265,-0.0043,27.4586,-87.7848,59.9393,0,0,0,1
82,82000,0.0508,-0.5141,0.4481,-0.0153,52.8966,-88.9713,36.3748,0,0,0,1
83,83000,0.2330,-0.5590,0.3309,0.0049,72.8153,-82.4907,9.2066,0,0,0,1
84,84000,0.3682,-0.5668,0.1741,-0.0245,85.7436,-66.9535,-18.4357,0,0,0,1
85,85000,0.4874,-0.4758,-0.0018,0.0098,89.8957,-45.2999,-44.8007,0,0,0,1
86,86000,0.5529,-0.3770,-0.1803,-0.0044,85.4749,-18.5879,-66.5839,0,0,0,1
87,87000,0.5557,-0.2268,-0.3352,-0.0063,72.5286,9.4519,-82.4312,0,0,0,1
88,88000,0.5170,-0.0506,-0.4686,-0.0022,53.0636,36.8425,-89.3567,0,0,0,1
89,89000,0.4144,0.1302,-0.5409,0.0037,27.7168,59.9570,-87.7787,0,0,0,1
90,90000,0.2916,0.2795,-0.5647,0.0063,-0.3531,78.0300,-77.9926,0,0,0,1
91,91000,0.1124,0.4110,-0.5293,-0.0060,-27.4917,87.9777,-59.7602,0,0,0,1
92,92000,-0.0640,0.5263,-0.4672,-0.0049,-53.0873,89.7596,-36.8546,0,0,0,1
93,93000,-0.2313,0.5566,-0.3449,-0.0195,-72.7543,82.1412,-9.0829,0,0,0,1
94,94000,-0.3876,0.5463,-0.1672,-0.0084,-85.3877,66.7633,18.2249,0,0,0,1
95,95000,-0.4792,0.4811,-0.0130,-0.0111,-89.7489,45.0562,44.8916,0,0,0,1
96,96000,-0.5486,0.3711,0.1741,-0.0035,-85.3821,18.7588,67.0447,0,0,0,1
97,97000,-0.5557,0.2258,0.3251,-0.0049,-73.0154,-8.9533,81.7348,0,0,0,1
98,98000,-0.5038,0.0709,0.4495,0.0166,-52.5328,-36.9375,89.4840,0,0,0,1
99,99000,-0.4142,-0.1203,0.5484,0.0139,-27.5209,-60.0149,87.9386,0,0,0,1
100,100000,-0.2787,-0.2696,0.5598,0.0115,-0.4335,-77.9098,77.8338,0,0,0,1
101,101000,-0.1101,-0.4221,0.5477,0.0156,27.4772,-87.8148,60.5383,0,0,0,1
102,102000,0.0572,-0.5167,0.4639,0.0044,52.8541,-89.3407,36.0993,0,0,0,1
103,103000,0.2193,-0.5650,0.3193,-0.0264,72.6365,-81.9215,9.0406,0,0,0,1
104,104000,0.3856,-0.5423,0.1672,0.0105,85.3539,-67.0840,-18.2972,0,0,0,1
105,105000,0.4843,-0.5003,-0.0129,-0.0289,90.2358,-44.8217,-44.9217,0,0,0,1
106,106000,0.5580,-0.3769,-0.1658,0.0153,85.8272,-18.2881,-66.8582,0,0,0,1
107,107000,0.5570,-0.2402,-0.3433,-0.0266,72.2472,9.6380,-81.6814,0,0,0,1
108,108000,0.5199,-0.0598,-0.4598,0.0004,52.7344,36.3651,-89.6116,0,0,0,1
109,109000,0.4328,0.1207,-0.5460,0.0074,27.4676,59.9466,-87.7305,0,0,0,1
110,110000,0.2874,0.2695,-0.5662,-0.0093,-0.0543,77.7808,-77.8816,0,0,0,1
111,111000,0.1188,0.4155,-0.5351,-0.0009,-27.5883,87.9393,-60.2538,0,0,0,1
112,112000,-0.0705,0.5092,-0.4716,-0.0330,-52.5006,89.0758,-36.2341,0,0,0,1
113,113000,-0.2168,0.5691,-0.3419,0.0103,-72.8524,81.7966,-9.0928,0,0,0,1
114,114000,-0.3672,0.5601,-0.1703,0.0226,-85.8172,66.6504,19.0745,0,0,0,1
115,115000,-0.4777,0.4960,0.0120,0.0303,-90.2026,44.8824,45.0331,0,0,0,1
116,116000,-0.5496,0.3688,0.1758,-0.0049,-85.4517,18.9182,66.7862,0,0,0,1
117,117000,-0.5698,0.2250,0.3340,-0.0107,-72.7994,-9.2309,81.7542,0,0,0,1
118,118000,-0.5144,0.0643,0.4637,0.0135,-52.9666,-36.6690,89.1543,0,0,0,1
119,119000,-0.4230,-0.1225,0.5262,-0.0193,-27.3254,-60.2161,87.4627,0,0,0,1
120,120000,-0.2875,-0.2729,0.5603,-0.0001,-0.4022,-78.1885,77.4160,0,0,0,1
121,121000,-0.1191,-0.4212,0.5419,0.0017,27.5811,-87.6142,59.9689,0,0,0,1
122,122000,0.0490,-0.5160,0.4642,-0.0028,52.7364,-89.1040,36.1825,0,0,0,1
123,123000,0.2383,-0.5666,0.3412,0.0128,72.6267,-82.2291,9.4520,0,0,0,1
124,124000,0.3700,-0.5420,0.1701,-0.0019,85.2296,-67.0119,-18.6840,0,0,0,1
125,125000,0.4909,-0.5005,-0.0118,-0.0214,89.5652,-45.1608,-44.6491,0,0,0,1
126,126000,0.5587,-0.3744,-0.1612,0.0230,85.1849,-18.2977,-66.8107,0,0,0,1
127,127000,0.5495,-0.2291,-0.3208,-0.0004,72.6386,9.0964,-82.4375,0,0,0,1
128,128000,0.5251,-0.0598,-0.4484,0.0169,52.7737,36.0905,-89.3812,0,0,0,1
129,129000,0.4152,0.1086,-0.5435,-0.0197,27.3614,60.0485,-88.0076,0,0,0,1
130,130000,0.2874,0.2893,-0.5570,0.0197,0.3831,77.7661,-77.7711,0,0,0,1
131,131000,0.1063,0.4093,-0.5386,-0.0230,-27.6963,87.7845,-60.2840,0,0,0,1
132,132000,-0.0487,0.5234,-0.4611,0.0137,-52.7948,89.2711,-36.8339,0,0,0,1
133,133000,-0.2213,0.5503,-0.3407,-0.0118,-72.5818,81.8794,-9.4815,0,0,0,1
134,134000,-0.3760,0.5643,-0.1768,0.0115,-85.3509,66.8612,19.0971,0,0,0,1
135,135000,-0.4944,0.4920,0.0054,0.0030,-89.7162,45.1680,44.5590,0,0,0,1
136,136000,-0.5524,0.3779,0.1757,0.0012,-85.3702,18.7431,66.5063,0,0,0,1
137,137000,-0.5504,0.2206,0.3336,0.0038,-72.4740,-9.2047,81.9685,0,0,0,1
138,138000,-0.5162,0.0498,0.4513,-0.0150,-52.4283,-36.7152,89.7159,0,0,0,1
139,139000,-0.4126,-0.1105,0.5428,0.0197,-27.9361,-59.7376,88.0533,0,0,0,1
140,140000,-0.2805,-0.2811,0.5748,0.0132,-0.0556,-77.4433,78.1319,0,0,0,1
141,141000,-0.1225,-0.4247,0.5506,0.0035,27.9428,-87.8341,60.3150,0,0,0,1
142,142000,0.0688,-0.5269,0.4600,0.0020,52.3888,-89.3755,36.7385,0,0,0,1
143,143000,0.2332,-0.5528,0.3416,0.0219,73.0183,-81.7456,9.2079,0,0,0,1
144,144000,0.3797,-0.5418,0.1630,0.0008,85.5439,-66.7885,-19.1097,0,0,0,1
145,145000,0.4850,-0.4956,0.0120,0.0015,89.8870,-44.4892,-44.6281,0,0,0,1
146,146000,0.5615,-0.3868,-0.1642,0.0105,85.6836,-18.6768,-66.7246,0,0,0,1
147,147000,0.5595,-0.2419,-0.3286,-0.0110,72.6825,9.5913,-82.3103,0,0,0,1
148,148000,0.5169,-0.0493,-0.4695,-0.0019,53.0180,36.1843,-89.5510,0,0,0,1
149,149000,0.4341,0.1187,-0.5262,0.0266,27.7468,59.8957,-87.7833,0,0,0,1
150,150000,0.2938,0.2912,-0.5553,0.0297,-0.4287,77.9225,-77.4730,0,0,0,1
151,151000,0.1197,0.4298,-0.5358,0.0137,-27.4436,87.8028,-60.2141,0,0,0,1
152,152000,-0.0691,0.5288,-0.4655,-0.0058,-52.4671,89.3991,-36.2710,0,0,0,1
153,153000,-0.2417,0.5573,-0.3254,-0.0098,-72.3660,82.0539,-9.1596,0,0,0,1
154,154000,-0.3795,0.5609,-0.1834,-0.0020,-85.1951,66.8970,18.8292,0,0,0,1
155,155000,-0.5035,0.4792,0.0024,-0.0219,-89.5951,44.6748,44.4676,0,0,0,1
156,156000,-0.5404,0.3885,0.1694,0.0175,-85.3895,19.1089,66.8767,0,0,0,1
157,157000,-0.5678,0.2364,0.3200,-0.0114,-73.0017,-9.7993,82.0777,0,0,0,1
158,158000,-0.5075,0.0692,0.4447,0.0064,-52.5244,-36.3358,89.1679,0,0,0,1
159,159000,-0.4097,-0.1115,0.5258,0.0046,-27.9345,-60.3612,87.7112,0,0,0,1
160,160000,-0.2773,-0.2830,0.5629,0.0027,0.2578,-77.8903,78.1545,0,0,0,1
161,161000,-0.1295,-0.4201,0.5399,-0.0097,27.9251,-87.7625,59.8363,0,0,0,1
162,162000,0.0518,-0.5110,0.4589,-0.0003,52.8983,-89.2089,36.9579,0,0,0,1
163,163000,0.2436,-0.5646,0.3454,0.0244,72.9683,-82.1694,9.3436,0,0,0,1
164,164000,0.3713,-0.5431,0.1674,-0.0043,85.5541,-66.4575,-18.6849,0,0,0,1
165,165000,0.4810,-0.4792,-0.0059,-0.0041,89.6770,-45.2654,-45.0035,0,0,0,1
166,166000,0.5584,-0.3889,-0.1822,-0.0126,85.0080,-18.6663,-66.7577,0,0,0,1
167,167000,0.5614,-0.2288,-0.3250,0.0076,72.9806,9.3180,-82.1591,0,0,0,1
168,168000,0.5028,-0.0649,-0.4611,-0.0233,53.1636,36.5500,-89.5428,0,0,0,1
169,169000,0.4082,0.1151,-0.5492,-0.0259,27.9382,59.6800,-87.4036,0,0,0,1
170,170000,0.2818,0.2866,-0.5647,0.0037,0.4031,77.5166,-77.4960,0,0,0,1
171,171000,0.1295,0.4138,-0.5249,0.0183,-27.8354,88.2789,-60.5131,0,0,0,1
172,172000,-0.0543,0.5065,-0.4716,-0.0194,-52.7496,89.7538,-36.8518,0,0,0,1
173,173000,-0.2324,0.5749,-0.3437,-0.0013,-72.7314,82.0579,-9.2680,0,0,0,1
174,174000,-0.3735,0.5541,-0.1722,0.0084,-85.4607,66.8162,18.9378,0,0,0,1
175,175000,-0.4778,0.4920,-0.0001,0.0141,-89.7470,44.4986,44.6919,0,0,0,1
176,176000,-0.5461,0.3887,0.1802,0.0229,-85.0439,18.7873,66.2994,0,0,0,1
177,177000,-0.5718,0.2375,0.3357,0.0014,-72.6565,-9.5874,82.0087,0,0,0,1
178,178000,-0.5233,0.0722,0.4635,0.0124,-52.9535,-36.8795,89.6200,0,0,0,1
179,179000,-0.4128,-0.1065,0.5377,0.0184,-27.7204,-60.4248,87.8102,0,0,0,1
180,180000,-0.2719,-0.2696,0.5787,0.0372,-0.4300,-77.5069,78.2175,0,0,0,1
181,181000,-0.1094,-0.4108,0.5458,0.0256,27.9856,-87.5639,60.3363,0,0,0,1
182,182000,0.0460,-0.5250,0.4583,-0.0208,52.6166,-89.3191,36.1402,0,0,0,1
183,183000,0.2299,-0.5642,0.3456,0.0113,72.7050,-81.8275,9.1389,0,0,0,1
184,184000,0.3710,-0.5459,0.1841,0.0092,85.3332,-66.7906,-19.0379,0,0,0,1
185,185000,0.4960,-0.4864,0.0128,0.0224,89.9090,-45.2551,-45.1830,0,0,0,1
186,186000,0.5625,-0.3652,-0.1853,0.0120,85.7541,-18.9553,-67.0747,0,0,0,1
187,187000,0.5559,-0.2431,-0.3281,-0.0153,72.3623,9.1744,-82.3458,0,0,0,1
188,188000,0.5272,-0.0560,-0.4617,0.0095,53.1460,36.7322,-89.3569,0,0,0,1
189,189000,0.4065,0.1053,-0.5326,-0.0208,27.9859,59.6995,-87.6818,0,0,0,1
190,190000,0.2924,0.2847,-0.5693,0.0078,-0.2047,77.4760,-77.5296,0,0,0,1
191,191000,0.1272,0.4079,-0.5347,0.0004,-27.6256,87.8364,-60.4581,0,0,0,1
192,192000,-0.0553,0.5239,-0.4586,0.0099,-53.1111,89.3621,-36.4524,0,0,0,1
193,193000,-0.2234,0.5695,-0.3222,0.0239,-72.6843,82.4835,-9.3214,0,0,0,1
194,194000,-0.3869,0.5414,-0.1805,-0.0260,-85.7085,66.7417,18.3539,0,0,0,1
195,195000,-0.4958,0.5009,-0.0081,-0.0030,-90.0257,45.0382,44.8348,0,0,0,1
196,196000,-0.5644,0.3658,0.1715,-0.0271,-85.1238,18.3973,66.6839,0,0,0,1
197,197000,-0.5573,0.2294,0.3297,0.0017,-72.9174,-9.7032,82.2244,0,0,0,1
198,198000,-0.5261,0.0493,0.4603,-0.0165,-52.4017,-36.9484,89.5736,0,0,0,1
199,199000,-0.4278,-0.1200,0.5400,-0.0079,-27.4010,-60.4251,87.5795,0,0,0,1
200,200000,-0.2699,-0.2967,0.5687,0.0021,0.0749,-77.8133,77.3596,0,0,0,1
201,201000,-0.1290,-0.4251,0.5512,-0.0030,27.5238,-87.5844,59.6720,0,0,0,1
202,202000,0.0580,-0.5284,0.4445,-0.0259,52.8953,-89.0957,36.4873,0,0,0,1
203,203000,0.2205,-0.5614,0.3195,-0.0214,72.3105,-82.1569,9.3966,0,0,0,1
204,204000,0.3894,-0.5534,0.1614,-0.0027,85.5581,-67.0276,-18.3828,0,0,0,1
205,205000,0.4847,-0.4822,0.0083,0.0108,90.1937,-44.6886,-44.4593,0,0,0,1
206,206000,0.5423,-0.3698,-0.1755,-0.0030,85.1199,-18.2564,-67.1887,0,0,0,1
207,207000,0.5557,-0.2427,-0.3233,-0.0103,72.4324,9.8178,-81.8166,0,0,0,1
208,208000,0.5109,-0.0477,-0.4677,-0.0045,53.0490,36.2468,-89.1897,0,0,0,1
209,209000,0.4067,0.1095,-0.5308,-0.0146,27.6126,60.1765,-88.1736,0,0,0,1
210,210000,0.2894,0.2894,-0.5712,0.0076,0.3921,77.8566,-77.4914,0,0,0,1
211,211000,0.1260,0.4113,-0.5463,-0.0089,-27.7772,87.9571,-60.3828,0,0,0,1
212,212000,-0.0551,0.5053,-0.4585,-0.0083,-52.9236,89.7025,-36.9091,0,0,0,1
213,213000,-0.2311,0.5688,-0.3192,0.0186,-72.3756,81.6223,-9.7170,0,0,0,1
214,214000,-0.3658,0.5493,-0.1858,-0.0023,-85.1249,66.7812,18.2577,0,0,0,1
215,215000,-0.5010,0.4789,0.0010,-0.0211,-89.7473,45.3160,45.2865,0,0,0,1
216,216000,-0.5649,0.3797,0.1821,-0.0031,-85.1445,18.5878,66.5527,0,0,0,1
217,217000,-0.5596,0.2276,0.3305,-0.0015,-72.6293,-9.4071,82.3900,0,0,0,1
218,218000,-0.5032,0.0486,0.4718,0.0172,-52.6350,-36.5636,89.6889,0,0,0,1
219,219000,-0.4204,-0.1189,0.5450,0.0058,-27.9615,-60.5256,87.7966,0,0,0,1
220,220000,-0.2784,-0.2694,0.5525,0.0047,0.4279,-78.1324,77.5946,0,0,0,1
221,221000,-0.1078,-0.4222,0.5353,0.0053,27.4225,-88.2619,60.3106,0,0,0,1
222,222000,0.0666,-0.5092,0.4492,0.0066,53.1809,-88.9253,36.6278,0,0,0,1
223,223000,0.2366,-0.5711,0.3249,-0.0097,72.3273,-82.2060,9.4244,0,0,0,1
224,224000,0.3788,-0.5408,0.1651,0.0032,85.2126,-67.1593,-18.9214,0,0,0,1
225,225000,0.5031,-0.4963,0.0061,0.0128,89.7340,-45.1880,-45.3476,0,0,0,1
226,226000,0.5410,-0.3716,-0.1624,0.0070,85.1193,-18.6810,-67.0611,0,0,0,1
227,227000,0.5489,-0.2442,-0.3405,-0.0358,73.0232,9.1260,-82.4441,0,0,0,1
228,228000,0.5032,-0.0662,-0.4516,-0.0147,52.8088,36.3438,-89.4095,0,0,0,1
229,229000,0.4130,0.1036,-0.5360,-0.0194,27.4051,60.1122,-87.6021,0,0,0,1
230,230000,0.2970,0.2721,-0.5792,-0.0101,-0.3401,78.0497,-77.3731,0,0,0,1
231,231000,0.1275,0.4275,-0.5289,0.0261,-27.8580,87.9667,-60.4221,0,0,0,1
232,232000,-0.0593,0.5236,-0.4567,0.0076,-52.4021,89.3962,-36.2854,0,0,0,1
233,233000,-0.2237,0.5659,-0.3313,0.0109,-72.4460,81.9493,-9.1789,0,0,0,1
234,234000,-0.3842,0.5661,-0.1644,0.0175,-84.9796,67.1430,18.7163,0,0,0,1
235,235000,-0.4905,0.4827,0.0119,0.0041,-90.0320,44.5037,45.1911,0,0,0,1
236,236000,-0.5400,0.3837,0.1640,0.0078,-85.4053,18.4481,66.3831,0,0,0,1
237,237000,-0.5531,0.2183,0.3433,0.0085,-72.2546,-9.7509,81.8866,0,0,0,1
238,238000,-0.5122,0.0554,0.4577,0.0009,-52.7420,-36.7472,89.5554,0,0,0,1
239,239000,-0.4073,-0.1042,0.5312,0.0197,-27.9257,-60.3769,88.1644,0,0,0,1
240,240000,-0.2966,-0.2878,0.5632,-0.0212,-0.1230,-78.0160,77.3596,0,0,0,1
241,241000,-0.1227,-0.4174,0.5403,0.0003,28.1525,-88.0762,60.2810,0,0,0,1
242,242000,0.0694,-0.5267,0.4452,-0.0122,52.7306,-89.7235,36.2057,0,0,0,1
243,243000,0.2409,-0.5538,0.3336,0.0207,72.8601,-81.8644,9.0214,0,0,0,1
244,244000,0.3787,-0.5490,0.1775,0.0072,85.7966,-66.7333,-18.4337,0,0,0,1
245,245000,0.5031,-0.4788,0.0009,0.0252,89.4996,-45.2300,-44.9066,0,0,0,1
246,246000,0.5412,-0.3835,-0.1825,-0.0248,85.2051,-19.0005,-66.3746,0,0,0,1
247,247000,0.5665,-0.2354,-0.3404,-0.0093,72.3855,9.7933,-81.6045,0,0,0,1
248,248000,0.5031,-0.0688,-0.4500,-0.0156,52.6073,36.1669,-88.9181,0,0,0,1
249,249000,0.4218,0.1190,-0.5256,0.0152,27.6034,60.2653,-87.7367,0,0,0,1
250,250000,0.2909,0.2785,-0.5610,0.0084,0.4262,77.3487,-77.4294,0,0,0,1
251,251000,0.1067,0.4194,-0.5506,-0.0245,-28.1748,87.5582,-60.1638,0,0,0,1
252,252000,-0.0726,0.5185,-0.4588,-0.0129,-53.1642,89.3427,-36.9534,0,0,0,1
253,253000,-0.2238,0.5534,-0.3430,-0.0134,-72.4409,82.4841,-9.1771,0,0,0,1
254,254000,-0.3665,0.5491,-0.1704,0.0122,-85.4842,66.4086,18.4620,0,0,0,1
255,255000,-0.4890,0.4898,0.0071,0.0080,-89.9276,44.8439,44.6598,0,0,0,1
256,256000,-0.5444,0.3902,0.1695,0.0153,-85.0674,18.9016,66.9477,0,0,0,1
257,257000,-0.5493,0.2210,0.3308,0.0025,-72.8363,-9.7076,82.4877,0,0,0,1
258,258000,-0.5068,0.0683,0.4611,0.0226,-52.9715,-36.9574,89.1725,0,0,0,1
259,259000,-0.4343,-0.1107,0.5297,-0.0154,-27.7549,-59.9846,88.0602,0,0,0,1
260,260000,-0.2831,-0.2903,0.5635,-0.0099,-0.3153,-77.7294,77.7738,0,0,0,1
261,261000,-0.1202,-0.4079,0.5451,0.0170,27.4570,-87.6213,59.7620,0,0,0,1
262,262000,0.0580,-0.5198,0.4579,-0.0039,53.1983,-88.8853,36.8428,0,0,0,1
263,263000,0.2358,-0.5668,0.3297,-0.0013,72.5604,-81.8712,9.0762,0,0,0,1
264,264000,0.3681,-0.5404,0.1732,0.0008,85.8531,-66.6362,-18.2264,0,0,0,1
265,265000,0.4999,-0.4798,0.0035,0.0235,89.7625,-45.1143,-44.9313,0,0,0,1
266,266000,0.5627,-0.3763,-0.1787,0.0076,85.5646,-18.5486,-67.1616,0,0,0,1
267,267000,0.5760,-0.2298,-0.3330,0.0133,72.3102,9.3887,-82.2282,0,0,0,1
268,268000,0.5068,-0.0488,-0.4631,-0.0052,52.5540,36.8108,-89.4957,0,0,0,1
269,269000,0.4181,0.1142,-0.5490,-0.0167,27.9688,59.7855,-88.2230,0,0,0,1
270,270000,0.2911,0.2759,-0.5698,-0.0028,-0.0603,77.9957,-77.9103,0,0,0,1
271,271000,0.1197,0.4337,-0.5443,0.0091,-28.0488,87.9956,-60.2926,0,0,0,1
272,272000,-0.0501,0.5055,-0.4578,-0.0025,-52.5524,89.5115,-36.8043,0,0,0,1
273,273000,-0.2287,0.5616,-0.3277,0.0052,-72.6335,81.6029,-9.6275,0,0,0,1
274,274000,-0.3863,0.5615,-0.1645,0.0107,-85.2597,66.7457,18.9486,0,0,0,1
275,275000,-0.4836,0.4836,0.0010,0.0011,-89.7893,45.1780,45.3502,0,0,0,1
276,276000,-0.5560,0.3649,0.1838,-0.0074,-85.0899,18.9849,67.1880,0,0,0,1
277,277000,-0.5716,0.2408,0.3369,0.0061,-72.9660,-9.5579,81.8512,0,0,0,1
278,278000,-0.5082,0.0694,0.4549,0.0160,-53.0733,-36.8736,89.1528,0,0,0,1
279,279000,-0.4135,-0.1316,0.5379,-0.0072,-27.7292,-59.6972,87.4931,0,0,0,1
280,280000,-0.2763,-0.2861,0.5573,-0.0052,0.3344,-77.3439,77.3888,0,0,0,1
281,281000,-0.1120,-0.4219,0.5415,0.0076,27.3995,-87.5573,60.4681,0,0,0,1
282,282000,0.0464,-0.5231,0.4494,-0.0273,52.4230,-88.9289,36.9072,0,0,0,1
283,283000,0.2294,-0.5737,0.3395,-0.0048,72.3174,-81.8792,9.4687,0,0,0,1
284,284000,0.3776,-0.5557,0.1636,-0.0145,85.5555,-66.4932,-18.5564,0,0,0,1
285,285000,0.4867,-0.4825,0.0052,0.0094,90.1984,-44.5122,-44.8024,0,0,0,1
286,286000,0.5604,-0.3783,-0.1706,0.0115,85.0155,-19.0341,-66.4351,0,0,0,1
287,287000,0.5664,-0.2349,-0.3464,-0.0149,72.9503,9.2666,-82.3906,0,0,0,1
288,288000,0.5085,-0.0670,-0.4518,-0.0103,52.7356,36.5579,-89.7514,0,0,0,1
289,289000,0.4323,0.1226,-0.5374,0.0176,27.8064,60.4005,-88.2979,0,0,0,1
290,290000,0.2726,0.2902,-0.5666,-0.0038,-0.0288,77.9749,-77.3816,0,0,0,1
291,291000,0.1065,0.4258,-0.5347,-0.0025,-28.1786,87.5026,-59.6702,0,0,0,1
292,292000,-0.0689,0.5218,-0.4552,-0.0023,-52.4381,89.6631,-36.0927,0,0,0,1
293,293000,-0.2371,0.5519,-0.3371,-0.0223,-72.6702,81.7785,-9.6337,0,0,0,1
294,294000,-0.3800,0.5636,-0.1888,-0.0052,-85.4913,67.1042,18.9414,0,0,0,1
295,295000,-0.4886,0.4960,-0.0042,0.0033,-89.6586,44.7873,45.2370,0,0,0,1
296,296000,-0.5533,0.3828,0.1690,-0.0016,-85.8546,18.8254,67.0133,0,0,0,1
297,297000,-0.5729,0.2432,0.3417,0.0120,-72.3235,-9.6915,81.9516,0,0,0,1
298,298000,-0.5298,0.0620,0.4591,-0.0087,-52.3486,-36.2943,89.6342,0,0,0,1
299,299000,-0.4272,-0.1312,0.5432,-0.0152,-27.6048,-59.8275,87.7231,0,0,0,1
300,300000,-3.3959,-3.4013,6.7999,0.0028,0.1707,-5.9085,6.1010,0,0,0,1
301,301000,-1.4043,-5.0548,6.4627,0.0036,2.5594,-7.1882,5.1120,1,0,0,1
302,302000,0.7207,-6.2045,5.5039,0.0201,4.5138,-7.5909,2.6688,1,0,0,1
303,303000,2.7572,-6.7382,3.9976,0.0166,6.2433,-6.4304,1.1038,1,0,0,1
304,304000,4.5325,-6.6341,2.1011,-0.0006,7.1465,-5.1646,-1.1654,1,0,0,1
305,305000,5.8810,-5.8687,-0.0079,0.0043,6.9953,-3.5895,-4.0325,1,0,0,1
306,306000,6.6516,-4.5394,-2.0888,0.0234,7.0478,-1.2159,-5.5045,1,0,0,1
307,307000,6.7434,-2.7647,-3.9907,-0.0121,5.4962,0.3660,-6.6855,1,0,0,1
308,308000,6.2101,-0.7127,-5.4858,0.0116,4.2683,2.7346,-7.3748,1,0,0,1
309,309000,5.0494,1.4216,-6.4546,0.0164,2.6117,4.5677,-7.3933,1,0,0,1
310,310000,3.3892,3.4049,-6.7883,0.0058,0.2876,6.0215,-6.4385,1,0,0,1
311,311000,1.4253,5.0537,-6.4581,0.0209,-2.2288,7.1047,-4.3954,1,0,0,1
312,312000,-0.7147,6.1967,-5.4801,0.0020,-4.4508,7.3654,-3.2717,1,0,0,1
313,313000,-2.7597,6.7496,-3.9813,0.0085,-6.1934,6.5574,-1.0798,1,0,0,1
314,314000,-4.5396,6.6398,-2.1016,-0.0013,-6.5954,4.9790,1.1838,1,0,0,1
315,315000,-5.8688,5.8862,-0.0011,0.0164,-7.0599,3.8729,3.3475,1,0,0,1
316,316000,-6.6432,4.5503,2.1044,0.0115,-7.1447,1.4356,5.7804,1,1,1,1
317,317000,-6.7434,2.7600,3.9860,0.0026,-5.8822,-1.0732,6.5115,1,1,1,1
318,318000,-6.2147,0.7188,5.4879,-0.0080,-4.4896,-2.9549,7.4202,1,1,1,1
319,319000,-5.0374,-1.3974,6.4555,0.0207,-2.2377,-4.5809,7.2281,1,1,1,1
320,320000,-3.4021,-3.3996,6.7745,-0.0272,-0.0120,-6.4666,5.9403,1,1,1,1
321,321000,-1.4130,-5.0350,6.4510,0.0030,2.5089,-7.0252,4.7710,1,1,1,1
322,322000,0.7005,-6.1996,5.4994,0.0004,3.8190,-7.2964,2.8277,1,1,1,1
323,323000,2.7618,-6.7399,3.9905,0.0124,6.2452,-6.8461,0.5717,1,1,1,1
324,324000,4.5294,-6.6469,2.1020,-0.0156,6.7586,-5.7795,-1.6041,1,1,1,1
325,325000,5.8705,-5.8910,-0.0083,-0.0288,7.1656,-3.2919,-3.7379,1,1,1,1
326,326000,6.6463,-4.5450,-2.1079,-0.0066,7.2528,-1.5679,-5.2464,1,1,1,1
327,327000,6.7431,-2.7547,-3.9870,0.0013,5.8390,1.0527,-6.6480,1,1,1,1
328,328000,6.2062,-0.7163,-5.4911,-0.0012,3.8014,3.2984,-7.2416,1,1,1,1
329,329000,5.0497,1.4168,-6.4481,0.0184,1.9297,5.0595,-7.2440,1,1,1,1
330,330000,3.3898,3.3948,-6.7805,0.0041,-0.4263,6.5227,-6.2457,1,1,1,1
331,331000,1.4135,5.0576,-6.4460,0.0251,-2.0028,6.8731,-4.8715,1,1,1,1
332,332000,-0.7164,6.1926,-5.4968,-0.0206,-4.6645,7.2861,-2.9672,1,1,1,1
333,333000,-2.7543,6.7618,-3.9946,0.0129,-5.8128,6.5638,-0.9714,1,1,1,1
334,334000,-4.5440,6.6457,-2.0883,0.0133,-7.2134,4.9154,1.5181,1,1,1,1
335,335000,-5.8888,5.8706,0.0095,-0.0086,-7.4717,3.5050,3.5526,1,1,1,1
336,336000,-6.6482,4.5330,2.0877,-0.0274,-7.2290,1.8924,4.9833,1,1,1,1
337,337000,-6.7436,2.7704,3.9897,0.0165,-5.5112,-0.6152,6.6599,1,1,1,1
338,338000,-6.1881,0.7001,5.4821,-0.0059,-4.5767,-2.6715,7.4898,1,1,1,1
339,339000,-5.0483,-1.4018,6.4575,0.0074,-2.4099,-4.8939,6.6082,1,1,1,1
340,340000,-3.4033,-3.3962,6.7799,-0.0196,-0.3561,-6.1520,6.5427,1,1,1,1
341,341000,-1.4204,-5.0537,6.4690,-0.0051,1.7978,-7.1061,4.8695,1,1,1,1
342,342000,0.7110,-6.1878,5.4968,0.0200,3.8602,-7.3558,2.7147,1,1,1,1
343,343000,2.7703,-6.7497,3.9886,0.0092,5.4182,-6.2331,1.0955,1,1,1,1
344,344000,4.5495,-6.6312,2.1097,0.0280,7.2122,-5.7165,-1.5427,1,1,1,1
345,345000,5.8867,-5.8735,-0.0059,0.0072,7.5338,-3.1962,-3.8636,1,1,1,1
346,346000,6.6310,-4.5512,-2.1012,-0.0214,7.1345,-1.1195,-5.5876,1,1,1,1
347,347000,6.7401,-2.7706,-3.9916,-0.0222,6.0899,0.5522,-6.1339,1,1,1,1
348,348000,6.2131,-0.7174,-5.4850,0.0107,3.7791,2.9789,-6.9157,1,1,1,1
349,349000,5.0397,1.4221,-6.4528,0.0090,1.8259,4.9118,-6.5911,1,1,1,1
350,350000,3.3892,3.3862,-6.7988,-0.0234,0.1786,6.3166,-6.0423,1,1,1,1
351,351000,1.4252,5.0458,-6.4448,0.0262,-2.2264,6.6572,-5.1510,1,1,1,1
352,352000,-0.7127,6.1886,-5.4900,-0.0142,-4.3598,7.5724,-2.9860,1,1,1,1
353,353000,-2.7716,6.7488,-3.9948,-0.0176,-5.8754,6.4698,-1.0460,1,1,1,1
354,354000,-4.5319,6.6343,-2.0952,0.0072,-6.7859,5.7682,1.2826,1,1,1,1
355,355000,-5.8717,5.8653,0.0002,-0.0063,-7.1076,3.7927,3.6340,1,1,1,1
356,356000,-6.6455,4.5492,2.1048,0.0086,-7.2801,1.9373,5.6508,1,1,1,1
357,357000,-6.7646,2.7472,3.9788,-0.0386,-6.2219,-0.5581,6.9770,1,1,1,1
358,358000,-6.1916,0.7001,5.5032,0.0117,-4.1380,-2.6785,7.3943,1,1,1,1
359,359000,-5.0321,-1.4188,6.4492,-0.0016,-1.8771,-5.2276,7.0932,1,1,1,1
360,360000,-3.4073,-3.3828,6.7795,-0.0106,-0.2468,-6.3586,5.9587,1,1,1,1
361,361000,-1.4253,-5.0487,6.4647,-0.0092,1.9220,-7.4406,5.1723,1,1,1,1
362,362000,0.7182,-6.1880,5.5027,0.0329,4.0833,-7.4929,2.6766,1,1,1,1
363,363000,2.7564,-6.7449,3.9823,-0.0062,5.6589,-6.2070,0.6656,1,1,1,1
364,364000,4.5423,-6.6382,2.0894,-0.0064,6.8823,-5.1644,-1.7690,1,1,1,1
365,365000,5.8866,-5.8883,-0.0030,-0.0047,6.9092,-3.2784,-3.8951,1,1,1,1
366,366000,-0.0021,0.0011,0.0070,0.0060,84.9762,-18.8111,-66.7108,0,1,1,0
367,367000,0.0041,0.0094,0.0071,0.0206,72.3225,9.6474,-82.4176,0,1,1,0
368,368000,0.0107,0.0079,-0.0030,0.0156,52.3943,36.7567,-88.9565,0,1,1,0
369,369000,0.0032,0.0128,-0.0073,0.0087,27.8573,59.7545,-87.8552,0,1,1,0
370,370000,-0.0085,-0.0054,-0.0096,-0.0236,-0.0170,77.6665,-77.4167,0,1,1,0
371,371000,-0.0033,0.0104,0.0019,0.0090,-27.6687,87.9785,-59.7369,0,1,1,0
372,372000,-0.0045,-0.0114,-0.0030,-0.0188,-52.3552,88.9925,-36.9117,0,1,1,0
373,373000,-0.0077,-0.0076,0.0126,-0.0027,-72.6781,81.9606,-9.0694,0,1,1,0
374,374000,-0.0064,0.0047,0.0118,0.0102,-85.5818,66.7531,18.4507,0,1,1,0
375,375000,-0.0112,0.0057,-0.0021,-0.0076,-89.4502,45.2579,44.8611,0,1,1,0
376,376000,0.0075,0.0020,0.0068,0.0164,-85.8441,18.3666,66.7750,0,1,1,0
377,377000,-0.0065,-0.0065,0.0058,-0.0072,-72.3251,-9.6657,81.6571,0,1,1,0
378,378000,0.0054,-0.0041,-0.0065,-0.0052,-52.4683,-36.6945,89.5200,0,1,1,0
379,379000,-0.0102,-0.0112,0.0097,-0.0117,-27.6807,-60.3332,87.8676,0,1,1,0
380,380000,-0.0017,-0.0011,-0.0010,-0.0037,0.3748,-78.1054,78.2073,0,1,1,0
381,381000,-0.0036,0.0102,-0.0115,-0.0049,27.9709,-88.1633,60.1384,0,1,1,0
382,382000,0.0059,0.0084,0.0122,0.0265,52.5711,-89.4831,36.7925,0,1,1,0
383,383000,0.0026,0.0133,0.0012,0.0170,72.8735,-82.2271,9.3816,0,1,1,0
384,384000,-0.0019,0.0093,-0.0082,-0.0009,85.5392,-67.0163,-18.9120,0,1,1,0
385,385000,-0.0093,0.0016,-0.0040,-0.0117,89.8951,-45.0382,-44.8018,0,1,1,0
386,386000,-0.0125,0.0061,0.0130,0.0066,85.2753,-18.5249,-66.9474,0,0,0,0
387,387000,0.0108,0.0001,0.0067,0.0176,72.5121,9.6436,-82.0224,0,0,0,0
388,388000,0.0093,0.0134,-0.0018,0.0209,52.8290,36.3698,-89.0588,0,0,0,0
389,389000,-0.0103,-0.0136,-0.0029,-0.0268,28.0134,60.1048,-88.1885,0,0,0,0
390,390000,0.0024,-0.0055,0.0079,0.0048,-0.2979,77.5273,-77.4450,0,0,0,0
391,391000,0.0067,0.0024,-0.0096,-0.0005,-28.1313,87.5545,-60.3819,0,0,0,0
392,392000,-0.0042,0.0009,0.0084,0.0051,-52.5627,89.1903,-36.1413,0,0,0,0
393,393000,-0.0027,0.0138,0.0015,0.0126,-72.4308,82.0023,-9.6678,0,0,0,0
394,394000,0.0074,0.0041,0.0126,0.0241,-85.0768,66.3776,18.9366,0,0,0,0
395,395000,-0.0072,-0.0060,0.0027,-0.0105,-90.0180,44.9732,45.1660,0,0,0,0
396,396000,0.0030,-0.0030,-0.0016,-0.0016,-85.2795,18.9712,66.4169,0,0,0,0
397,397000,-0.0029,0.0094,0.0096,0.0161,-72.8751,-9.5295,82.4655,0,0,0,0
398,398000,-0.0039,-0.0123,0.0042,-0.0120,-53.0664,-36.2292,88.8904,0,0,0,0
399,399000,-0.0076,0.0067,-0.0079,-0.0088,-28.1361,-60.4710,87.7359,0,0,0,0
400,400000,-0.0085,-0.0103,-0.0010,-0.0198,0.1070,-77.9633,77.4107,0,0,0,0
401,401000,0.0026,-0.0140,0.0132,0.0018,27.6486,-88.2590,60.4855,0,0,0,0
402,402000,-0.0101,-0.0131,-0.0028,-0.0260,52.7790,-89.4124,36.9112,0,0,0,0
403,403000,0.0070,-0.0126,0.0105,0.0049,72.9588,-81.6226,9.2902,0,0,0,0
404,404000,-0.0080,0.0124,0.0020,0.0065,85.4419,-67.1851,-18.9176,0,0,0,0
405,405000,-0.0092,-0.0116,0.0045,-0.0163,89.6093,-44.6144,-44.5863,0,0,0,0
406,406000,0.0049,0.0104,-0.0025,0.0128,85.1544,-18.9445,-67.1832,0,0,0,0
407,407000,0.0124,-0.0061,-0.0018,0.0044,72.7668,9.0228,-82.3756,0,0,0,0
408,408000,-0.0085,-0.0043,-0.0060,-0.0188,52.4317,36.8901,-88.9495,0,0,0,0
409,409000,-0.0086,-0.0009,0.0007,-0.0088,27.4657,60.4523,-87.8730,0,0,0,0
410,410000,-0.0023,-0.0132,-0.0082,-0.0238,0.3760,78.1039,-78.0054,0,0,0,0
411,411000,-0.0059,-0.0129,-0.0020,-0.0208,-27.6432,87.6521,-60.4844,0,0,0,0
412,412000,-0.0049,0.0003,0.0141,0.0095,-52.9353,89.2700,-36.2292,0,0,0,0
413,413000,-0.0002,-0.0088,-0.0090,-0.0179,-72.5578,81.8699,-9.0449,0,0,0,0
414,414000,-0.0060,-0.0054,-0.0119,-0.0234,-85.6710,66.9891,18.6701,0,0,0,0
415,415000,-0.0079,0.0079,0.0000,0.0000,-89.9535,45.1733,44.8074,0,0,0,0
416,416000,-0.0069,0.0141,0.0106,0.0177,-85.3557,18.3731,66.9902,0,0,0,0
417,417000,-0.0037,0.0097,0.0017,0.0077,-72.9082,-9.7144,81.6379,0,0,0,0
418,418000,0.0053,0.0004,-0.0066,-0.0008,-53.0854,-36.3208,89.4599,0,0,0,0
419,419000,0.0136,-0.0046,-0.0046,0.0044,-28.2004,-60.0969,88.1983,0,0,0,0
420,420000,-0.0005,-0.0092,-0.0063,-0.0160,0.3984,-77.8798,77.6212,0,0,0,0
421,421000,0.0025,0.0084,-0.0079,0.0031,27.3195,-87.7787,60.1279,0,0,0,0
422,422000,-0.0067,-0.0055,0.0038,-0.0084,52.7265,-89.0115,36.7438,0,0,0,0
423,423000,-0.0058,0.0129,-0.0063,0.0007,72.6217,-82.0295,9.3496,0,0,0,0
424,424000,-0.0029,0.0012,0.0043,0.0026,85.3067,-66.7889,-18.3536,0,0,0,0
425,425000,0.0107,-0.0024,0.0051,0.0134,89.5958,-44.9366,-45.0082,0,0,0,0
426,426000,-0.0075,0.0087,-0.0122,-0.0110,85.4668,-18.2562,-66.6024,0,0,0,0
427,427000,0.0108,-0.0036,0.0031,0.0103,72.2907,9.4039,-82.4687,0,0,0,0
428,428000,-0.0125,0.0120,0.0097,0.0093,52.7493,36.2318,-89.7617,0,0,0,0
429,429000,0.0005,0.0056,0.0095,0.0156,27.6056,60.2323,-87.9552,0,0,0,0
430,430000,-0.0059,-0.0025,-0.0132,-0.0216,-0.2369,78.1251,-77.4230,0,0,0,0
431,431000,-0.0077,-0.0066,0.0003,-0.0140,-27.9806,87.7844,-60.3570,0,0,0,0
432,432000,-0.0029,0.0047,-0.0027,-0.0009,-52.6618,88.8935,-36.3505,0,0,0,0
433,433000,0.0110,0.0122,-0.0090,0.0143,-73.0026,81.7651,-9.4687,0,0,0,0
434,434000,0.0101,0.0040,0.0032,0.0174,-85.0494,66.9933,18.9170,0,0,0,0
435,435000,-0.0014,-0.0020,0.0074,0.0040,-89.6826,44.6541,45.0656,0,0,0,0
436,436000,0.0087,-0.0008,-0.0024,0.0055,-85.8259,18.4088,66.5698,0,0,0,0
437,437000,0.0089,0.0055,0.0001,0.0144,-72.4852,-9.0573,82.0332,0,0,0,0
438,438000,-0.0028,-0.0052,-0.0050,-0.0131,-52.5745,-36.0870,88.8932,0,0,0,0
439,439000,0.0048,-0.0102,0.0055,0.0001,-27.9315,-59.8027,87.4556,0,0,0,0
440,440000,0.0042,0.0075,0.0013,0.0130,0.0548,-77.5439,77.6933,0,0,0,0
441,441000,0.0063,-0.0031,-0.0124,-0.0092,27.3319,-88.1332,59.7113,0,0,0,0
442,442000,0.0074,0.0131,-0.0137,0.0068,52.8617,-88.9667,36.2540,0,0,0,0
443,443000,0.0088,0.0075,0.0033,0.0196,72.7346,-82.0417,9.5435,0,0,0,0
444,444000,0.0019,-0.0096,-0.0098,-0.0175,85.4516,-67.0866,-18.4917,0,0,0,0
445,445000,0.0132,0.0077,-0.0116,0.0093,90.0566,-45.1468,-44.6940,0,0,0,0
446,446000,0.0119,0.0091,-0.0067,0.0143,85.4492,-18.8460,-66.8304,0,0,0,0
447,447000,-0.0059,0.0062,0.0053,0.0056,72.2396,9.4702,-81.9017,0,0,0,0
448,448000,0.0134,0.0077,-0.0056,0.0154,52.4209,36.9419,-88.8829,0,0,0,0
449,449000,0.0029,-0.0062,0.0031,-0.0002,27.3225,60.3448,-87.9251,0,0,0,0
450,450000,-0.0134,-0.0091,0.0090,-0.0134,-0.1074,77.8868,-77.8364,0,0,0,0
451,451000,-0.0141,0.0030,0.0141,0.0031,-27.9712,87.5488,-60.3384,0,0,0,0
452,452000,0.0117,-0.0063,0.0088,0.0142,-52.5739,89.5798,-36.3536,0,0,0,0
453,453000,0.0080,0.0091,0.0064,0.0235,-72.4876,81.6683,-9.7370,0,0,0,0
454,454000,-0.0008,-0.0140,0.0128,-0.0020,-85.0954,66.8656,18.4679,0,0,0,0
455,455000,-0.0079,0.0108,0.0103,0.0133,-90.1614,44.9322,45.1396,0,0,0,0
456,456000,0.0119,0.0043,0.0077,0.0239,-85.7754,18.4513,67.1234,0,0,0,0
457,457000,0.0045,0.0044,-0.0141,-0.0053,-72.3012,-9.7536,82.4445,0,0,0,0
458,458000,0.0078,-0.0126,-0.0097,-0.0146,-53.1380,-36.4419,89.4401,0,0,0,0
459,459000,-0.0129,-0.0084,0.0011,-0.0202,-27.4131,-60.0859,87.8677,0,0,0,0
460,460000,0.0113,-0.0123,-0.0099,-0.0109,0.4140,-78.0877,77.4814,0,0,0,0
461,461000,0.0126,0.0043,0.0094,0.0263,27.7994,-87.6091,60.4053,0,0,0,0
462,462000,-0.0049,0.0045,-0.0100,-0.0104,53.1928,-89.7544,36.5378,0,0,0,0
463,463000,0.0022,0.0018,-0.0009,0.0031,72.5168,-81.9226,9.1866,0,0,0,0
464,464000,-0.0120,-0.0022,-0.0110,-0.0252,85.4546,-66.6623,-18.5838,0,0,0,0
465,465000,0.0112,-0.0093,-0.0031,-0.0012,90.1367,-44.9322,-45.3424,0,0,0,0
466,466000,-0.0132,-0.0137,-0.0012,-0.0281,85.0896,-18.5613,-66.6235,0,0,0,0
467,467000,0.0086,-0.0022,0.0108,0.0172,73.1055,9.5431,-82.2468,0,0,0,0
468,468000,-0.0080,-0.0034,0.0040,-0.0073,53.0639,36.6665,-89.4717,0,0,0,0
469,469000,0.0006,-0.0004,-0.0091,-0.0089,28.0428,59.6539,-87.6402,0,0,0,0
470,470000,-0.0058,0.0045,0.0045,0.0031,0.1454,77.6006,-77.8950,0,0,0,0
471,471000,-0.0026,-0.0116,0.0129,-0.0013,-28.1866,88.2346,-60.1350,0,0,0,0
472,472000,-0.0071,0.0116,-0.0027,0.0018,-53.0767,89.3854,-36.2468,0,0,0,0
473,473000,0.0058,-0.0035,-0.0141,-0.0118,-72.8862,82.2842,-9.0125,0,0,0,0
474,474000,-0.0058,-0.0104,0.0054,-0.0109,-85.5307,66.9832,18.2622,0,0,0,0
475,475000,-0.0041,-0.0021,-0.0119,-0.0181,-89.6364,44.9084,44.9368,0,0,0,0
476,476000,-0.0017,0.0125,0.0133,0.0241,-85.5380,18.8349,67.0809,0,0,0,0
477,477000,0.0093,0.0107,-0.0100,0.0099,-72.8664,-9.3792,81.9171,0,0,0,0
478,478000,0.0061,-0.0000,-0.0063,-0.0002,-52.8350,-36.5149,89.5133,0,0,0,0
479,479000,-0.0025,0.0130,-0.0131,-0.0025,-27.3060,-60.3395,87.7650,0,0,0,0
480,480000,-0.0010,0.0133,0.0024,0.0147,0.2474,-77.8646,77.4488,0,0,0,0
481,481000,0.0023,-0.0004,0.0110,0.0128,27.8144,-87.4825,60.4615,0,0,0,0
482,482000,-0.0103,-0.0069,-0.0032,-0.0204,52.3880,-89.2285,36.2307,0,0,0,0
483,483000,-0.0025,-0.0138,-0.0121,-0.0284,72.7692,-82.1243,9.3466,0,0,0,0
484,484000,0.0122,-0.0091,-0.0035,-0.0004,85.4937,-66.3927,-18.2377,0,0,0,0
485,485000,0.0116,0.0044,0.0117,0.0277,90.2170,-45.2178,-44.8146,0,0,0,0
486,486000,0.0128,-0.0081,0.0066,0.0114,85.4620,-18.4476,-66.4173,0,0,0,0
487,487000,-0.0028,0.0059,-0.0088,-0.0057,72.6748,9.3441,-81.6758,0,0,0,0
488,488000,-0.0019,-0.0072,-0.0128,-0.0218,52.6131,36.5535,-88.9207,0,0,0,0
489,489000,0.0087,0.0089,-0.0085,0.0091,28.1092,59.7345,-87.8269,0,0,0,0
490,490000,-0.0088,-0.0117,-0.0028,-0.0233,0.2375,78.2228,-78.2045,0,0,0,0
491,491000,0.0112,-0.0127,0.0056,0.0041,-27.9432,88.2821,-59.7116,0,0,0,0
492,492000,-0.0100,0.0070,0.0083,0.0053,-52.6867,88.9340,-36.3143,0,0,0,0
493,493000,0.0046,0.0105,0.0018,0.0169,-72.3446,82.2573,-9.6417,0,0,0,0
494,494000,-0.0108,0.0088,-0.0098,-0.0118,-85.6845,66.7414,18.7953,0,0,0,0
495,495000,0.0012,0.0026,0.0041,0.0079,-90.1448,44.9434,45.2062,0,0,0,0
496,496000,-0.0033,0.0081,-0.0103,-0.0055,-85.7244,19.0685,67.1122,0,0,0,0
497,497000,-0.0048,0.0042,-0.0090,-0.0096,-72.2398,-9.7873,81.9032,0,0,0,0
498,498000,-0.0076,-0.0004,0.0031,-0.0049,-52.7286,-36.5968,89.5924,0,0,0,0
499,499000,0.0035,0.0115,0.0117,0.0267,-27.9689,-60.1869,87.9134,0,0,0,0
500,500000,0.0135,0.0119,-0.0132,0.0122,0.2486,-77.3515,78.2198,0,0,0,0
501,501000,-0.0037,0.0107,0.0045,0.0115,27.7847,-88.2245,59.8696,0,0,0,0
502,502000,0.0123,-0.0026,0.0007,0.0105,52.7455,-89.6814,36.5954,0,0,0,0
503,503000,0.0135,0.0075,0.0040,0.0250,72.3498,-81.6767,9.6318,0,0,0,0
504,504000,0.0099,-0.0071,-0.0003,0.0025,84.9758,-66.3506,-19.0143,0,0,0,0
505,505000,-0.0095,-0.0121,0.0045,-0.0171,89.5681,-45.1820,-45.0728,0,0,0,0
506,506000,-0.0027,-0.0001,0.0040,0.0012,84.9811,-18.6772,-67.1285,0,0,0,0
507,507000,0.0139,-0.0078,0.0021,0.0083,72.5265,9.0165,-81.9031,0,0,0,0
508,508000,0.0132,-0.0047,0.0095,0.0180,52.4743,36.6405,-89.2349,0,0,0,0
509,509000,-0.0121,-0.0004,-0.0130,-0.0256,27.4833,59.8372,-88.0331,0,0,0,0
510,510000,-0.0089,0.0140,-0.0015,0.0036,-0.1851,77.5797,-77.7369,0,0,0,0
511,511000,-0.0141,-0.0019,0.0130,-0.0031,-27.9600,87.8016,-60.1732,0,0,0,0
512,512000,-0.0105,0.0138,0.0109,0.0141,-53.0383,89.7025,-36.3586,0,0,0,0
513,513000,-0.0008,0.0078,0.0081,0.0151,-72.8220,82.1470,-9.2715,0,0,0,0
514,514000,0.0135,0.0100,-0.0116,0.0119,-85.2499,67.1719,18.8487,0,0,0,0
515,515000,0.0130,0.0011,-0.0066,0.0076,-90.1142,44.7700,44.8027,0,0,0,0
516,516000,0.0133,0.0089,-0.0041,0.0181,-85.8346,18.7259,66.2975,0,0,0,0
517,517000,-0.0043,0.0065,-0.0051,-0.0029,-72.4442,-9.1118,82.3508,0,0,0,0
518,518000,-0.0068,0.0034,-0.0071,-0.0105,-52.5956,-36.3790,89.4721,0,0,0,0
519,519000,0.0119,-0.0002,-0.0127,-0.0010,-28.1612,-60.1221,87.4130,0,0,0,0
520,520000,-0.0072,-0.0138,0.0111,-0.0099,0.2954,-77.9511,77.4380,0,0,0,0
521,521000,-0.0063,0.0074,0.0082,0.0092,27.3217,-87.7584,60.1390,0,0,0,0
522,522000,-0.0091,-0.0135,-0.0033,-0.0259,53.0650,-89.5840,36.7725,0,0,0,0
523,523000,0.0076,-0.0130,0.0117,0.0063,72.8757,-82.0374,9.4277,0,0,0,0
524,524000,-0.0028,0.0036,-0.0135,-0.0128,85.8216,-66.5716,-18.7231,0,0,0,0
525,525000,0.0011,-0.0050,-0.0046,-0.0085,89.5017,-44.8102,-44.4844,0,0,0,0
526,526000,-0.0033,0.0059,-0.0084,-0.0058,85.5913,-18.9370,-66.9817,0,0,0,0
527,527000,0.0062,-0.0126,0.0137,0.0074,72.3312,9.1096,-82.2294,0,0,0,0
528,528000,0.0099,0.0002,0.0076,0.0177,52.7945,36.1298,-89.3837,0,0,0,0
529,529000,-0.0129,0.0030,0.0133,0.0033,27.9517,60.0824,-87.7652,0,0,0,0
530,530000,-0.0130,-0.0108,-0.0115,-0.0353,0.1612,77.9607,-77.4772,0,0,0,0
531,531000,0.0091,0.0136,-0.0119,0.0108,-27.6382,88.1804,-60.3674,0,0,0,0
532,532000,0.0101,-0.0031,-0.0047,0.0023,-53.1103,88.9636,-36.7324,0,0,0,0
533,533000,-0.0046,-0.0095,-0.0089,-0.0230,-73.0684,81.9593,-9.7301,0,0,0,0
534,534000,0.0027,-0.0058,0.0052,0.0021,-85.5057,66.7047,19.1116,0,0,0,0
535,535000,-0.0100,0.0028,-0.0139,-0.0211,-89.9821,44.8807,44.8870,0,0,0,0
536,536000,-0.0064,-0.0058,0.0130,0.0008,-85.2291,18.8769,66.3471,0,0,0,0
537,537000,0.0009,0.0077,0.0112,0.0198,-72.3097,-9.0123,81.6725,0,0,0,0
538,538000,0.0071,0.0070,0.0020,0.0161,-52.9810,-36.2409,89.5285,0,0,0,0
539,539000,0.0022,0.0083,0.0141,0.0245,-27.8250,-59.8248,87.5217,0,0,0,0
540,540000,-0.0026,0.0057,0.0120,0.0151,-0.2262,-77.7133,77.6590,0,0,0,0
541,541000,0.0135,-0.0033,-0.0056,0.0046,27.4290,-87.6365,59.7652,0,0,0,0
542,542000,-0.0004,-0.0015,-0.0032,-0.0050,52.8416,-89.5776,36.4422,0,0,0,0
543,543000,-0.0048,-0.0030,-0.0029,-0.0108,72.9423,-82.4615,9.3289,0,0,0,0
544,544000,-0.0139,0.0065,-0.0117,-0.0190,85.0092,-66.3976,-18.5538,0,0,0,0
545,545000,-0.0066,0.0013,0.0102,0.0048,89.3727,-45.2480,-44.8295,0,0,0,0
546,546000,0.0026,-0.0125,0.0039,-0.0059,85.8575,-18.4573,-67.0658,0,0,0,0
547,547000,-0.0103,-0.0046,0.0076,-0.0073,72.7588,9.5575,-82.0856,0,0,0,0
548,548000,-0.0036,0.0028,-0.0110,-0.0119,52.7625,36.2895,-89.1885,0,0,0,0
549,549000,-0.0089,-0.0127,-0.0020,-0.0236,27.6576,60.2923,-88.1815,0,0,0,0
550,550000,0.0132,0.0089,-0.0058,0.0163,-0.1358,77.7755,-77.9419,0,0,0,0
551,551000,0.0088,0.0026,-0.0051,0.0062,-27.3218,87.5260,-59.8757,0,0,0,0
552,552000,0.0131,-0.0061,0.0004,0.0074,-52.9879,89.1694,-36.8683,0,0,0,0
553,553000,-0.0137,0.0062,-0.0043,-0.0118,-72.6067,82.1353,-9.5226,0,0,0,0
554,554000,-0.0082,0.0098,-0.0029,-0.0013,-85.0718,66.9807,18.5892,0,0,0,0
555,555000,0.0104,0.0053,-0.0002,0.0154,-89.7274,44.5924,44.9029,0,0,0,0
556,556000,-0.0052,-0.0138,-0.0026,-0.0216,-85.5020,19.0952,67.0245,0,0,0,0
557,557000,0.0096,-0.0022,-0.0058,0.0017,-72.8326,-9.4352,82.3764,0,0,0,0
558,558000,-0.0098,0.0119,-0.0086,-0.0064,-52.8621,-36.9656,89.5919,0,0,0,0
559,559000,-0.0124,-0.0134,-0.0085,-0.0342,-27.7507,-60.2105,87.4068,0,0,0,0
560,560000,-0.0017,0.0038,-0.0001,0.0021,0.1611,-78.1498,77.4170,0,0,0,0
561,561000,-0.0022,-0.0017,-0.0105,-0.0144,27.6167,-88.2455,59.8783,0,0,0,0
562,562000,-0.0120,-0.0049,-0.0066,-0.0236,52.5629,-89.3744,36.7192,0,0,0,0
563,563000,0.0133,-0.0038,0.0088,0.0183,72.8699,-82.4116,9.5628,0,0,0,0
564,564000,0.0138,-0.0126,-0.0107,-0.0095,85.3896,-66.5453,-18.2841,0,0,0,0
565,565000,-0.0119,0.0007,-0.0029,-0.0141,89.9430,-44.8394,-44.4902,0,0,0,0
566,566000,0.0124,-0.0027,-0.0048,0.0048,85.7310,-18.9297,-66.3993,0,0,0,0
567,567000,0.0015,-0.0050,-0.0067,-0.0102,72.3875,9.4845,-81.8966,0,0,0,0
568,568000,-0.0011,-0.0139,-0.0128,-0.0278,52.8339,36.6986,-89.6049,0,0,0,0
569,569000,-0.0073,-0.0006,0.0065,-0.0014,27.9753,60.0744,-87.8142,0,0,0,0
570,570000,-0.0072,0.0040,-0.0095,-0.0127,-0.4437,77.8389,-77.6888,0,0,0,0
571,571000,-0.0019,-0.0088,0.0054,-0.0053,-27.9861,88.1370,-60.0046,0,0,0,0
572,572000,-0.0006,-0.0104,0.0102,-0.0008,-52.5347,89.3815,-36.7203,0,0,0,0
573,573000,-0.0130,0.0119,0.0074,0.0064,-72.3305,81.8900,-9.1048,0,0,0,0
574,574000,0.0123,-0.0011,0.0027,0.0138,-85.0633,66.8506,18.3922,0,0,0,0
575,575000,-0.0095,-0.0074,-0.0096,-0.0265,-89.8385,45.2963,45.1057,0,0,0,0
576,576000,0.0104,-0.0128,-0.0090,-0.0114,-85.2825,18.4385,66.8128,0,0,0,0
577,577000,-0.0070,-0.0123,-0.0077,-0.0270,-72.2201,-9.2832,82.3177,0,0,0,0
578,578000,0.0005,-0.0081,0.0045,-0.0032,-52.9773,-36.7133,89.4166,0,0,0,0
579,579000,0.0007,-0.0139,-0.0048,-0.0179,-27.4045,-59.9426,87.6913,0,0,0,0
580,580000,-0.0118,0.0054,-0.0031,-0.0095,0.3078,-78.1169,78.1543,0,0,0,0
581,581000,-0.0016,0.0054,-0.0084,-0.0047,27.6971,-87.7421,60.5103,0,0,0,0
582,582000,-0.0106,0.0094,0.0137,0.0125,52.3460,-89.0634,36.2735,0,0,0,0
583,583000,-0.0098,-0.0019,0.0079,-0.0038,72.9072,-81.9371,9.7597,0,0,0,0
584,584000,-0.0002,-0.0080,-0.0024,-0.0106,85.3895,-66.3508,-18.4706,0,0,0,0
585,585000,0.0057,-0.0029,0.0065,0.0093,89.3959,-44.5224,-45.3310,0,0,0,0
586,586000,0.0086,0.0017,-0.0034,0.0068,84.9728,-19.0756,-67.1633,0,0,0,0
587,587000,0.0032,0.0001,0.0037,0.0070,72.3647,9.2124,-82.4226,0,0,0,0
588,588000,0.0092,0.0082,-0.0126,0.0048,52.9177,36.3490,-88.9653,0,0,0,0
589,589000,-0.0065,0.0104,0.0073,0.0112,27.9118,60.0737,-87.8463,0,0,0,0
590,590000,-0.0020,-0.0036,0.0097,0.0040,-0.0716,78.1644,-77.8449,0,0,0,0
591,591000,-0.0096,-0.0072,0.0086,-0.0082,-27.4464,87.7665,-59.9519,0,0,0,0
592,592000,-0.0040,0.0088,0.0129,0.0176,-52.4801,89.2360,-36.7443,0,0,0,0
593,593000,-0.0025,0.0021,0.0027,0.0023,-73.0469,81.8407,-9.2573,0,0,0,0
594,594000,-0.0082,-0.0080,0.0076,-0.0086,-85.3984,66.8235,18.8346,0,0,0,0
595,595000,0.0070,0.0059,0.0028,0.0157,-89.5105,45.2146,44.5277,0,0,0,0
596,596000,0.0028,-0.0021,0.0034,0.0041,-85.2337,18.7537,66.5791,0,0,0,0
597,597000,-0.0053,0.0027,-0.0083,-0.0108,-72.3321,-9.1183,82.3403,0,0,0,0
598,598000,0.0078,-0.0080,-0.0079,-0.0081,-52.8487,-36.8616,89.4039,0,0,0,0
599,599000,0.0111,-0.0113,0.0024,0.0023,-28.1122,-59.9014,88.2423,0,0,0,0
600,600000,0.0010,0.0045,-0.0048,0.0007,0.1355,-77.4133,77.5916,0,0,0,0
601,601000,0.0122,-0.0137,-0.0090,-0.0104,27.5099,-87.6725,60.0532,0,0,0,0
602,602000,0.0068,0.0106,-0.0087,0.0088,53.2297,-89.6482,36.6131,0,0,0,0
603,603000,0.0009,0.0124,0.0092,0.0225,73.0347,-82.2292,9.7736,0,0,0,0
604,604000,-0.0096,-0.0011,-0.0002,-0.0109,85.3269,-66.7417,-18.3616,0,0,0,0
605,605000,0.0078,0.0116,-0.0014,0.0179,89.8383,-45.2407,-44.7789,0,0,0,0
606,606000,0.0042,0.0044,-0.0059,0.0027,85.0216,-18.2491,-66.8459,0,0,0,0
607,607000,-0.0127,0.0138,0.0063,0.0074,72.8390,9.1187,-81.9819,0,0,0,0
608,608000,-0.0037,0.0070,0.0010,0.0044,52.6174,36.5982,-88.9904,0,0,0,0
609,609000,-0.0065,0.0051,0.0053,0.0039,27.3272,60.1115,-87.7410,0,0,0,0
610,610000,0.0019,-0.0087,-0.0073,-0.0141,0.2666,77.9419,-78.2275,0,0,0,0
611,611000,0.0034,-0.0098,-0.0108,-0.0171,-27.3785,87.7576,-59.7929,0,0,0,0
612,612000,-0.0125,-0.0023,-0.0104,-0.0252,-52.4504,89.2186,-36.8911,0,0,0,0
613,613000,-0.0050,0.0066,-0.0026,-0.0011,-72.3015,82.2153,-9.5878,0,0,0,0
614,614000,-0.0000,0.0126,0.0071,0.0197,-85.0355,66.5858,18.5464,0,0,0,0
615,615000,-0.0002,0.0132,-0.0020,0.0110,-90.1740,44.6871,44.4634,0,0,0,0
616,616000,-0.0127,-0.0046,-0.0024,-0.0197,-85.3974,18.9312,66.7731,0,0,0,0
617,617000,-0.0104,-0.0040,-0.0042,-0.0186,-72.4969,-9.4648,81.8927,0,0,0,0
618,618000,-0.0098,0.0102,0.0076,0.0081,-52.4398,-36.7464,89.4023,0,0,0,0
619,619000,-0.0008,-0.0101,-0.0084,-0.0193,-27.9374,-59.7851,87.8783,0,0,0,0
620,620000,0.0117,-0.0137,0.0095,0.0075,0.4474,-77.5343,78.0697,0,0,0,0
621,621000,0.0104,-0.0013,-0.0026,0.0065,27.9610,-87.4403,59.6896,0,0,0,0
622,622000,0.0035,-0.0066,0.0004,-0.0028,53.0700,-88.9487,36.4512,0,0,0,0
623,623000,-0.0092,-0.0047,0.0032,-0.0108,72.9286,-82.4552,9.4193,0,0,0,0
624,624000,-0.0133,0.0105,-0.0081,-0.0109,85.5164,-66.5237,-18.5226,0,0,0,0
625,625000,-0.0138,0.0039,-0.0007,-0.0106,90.0573,-44.6166,-44.9210,0,0,0,0
626,626000,0.0097,0.0021,0.0096,0.0215,85.7073,-18.6852,-66.8920,0,0,0,0
627,627000,-0.0098,-0.0082,-0.0065,-0.0245,72.4538,9.2887,-82.4870,0,0,0,0
628,628000,-0.0052,-0.0084,-0.0035,-0.0170,52.3806,36.7586,-89.1508,0,0,0,0
629,629000,-0.0057,0.0137,-0.0000,0.0080,27.7627,60.1633,-87.7270,0,0,0,0
630,630000,-0.0078,-0.0136,0.0093,-0.0122,-0.2234,77.6352,-77.5471,0,0,0,0
631,631000,-0.0129,-0.0019,0.0033,-0.0115,-27.6125,87.5543,-60.3040,0,0,0,0
632,632000,0.0043,-0.0129,-0.0116,-0.0202,-52.5144,89.0830,-36.1614,0,0,0,0
633,633000,0.0028,-0.0047,0.0097,0.0078,-72.4256,81.8525,-9.8215,0,0,0,0
634,634000,-0.0087,-0.0130,0.0069,-0.0148,-85.5875,66.3828,18.8217,0,0,0,0
635,635000,-0.0008,-0.0011,0.0129,0.0109,-89.7854,45.0058,44.5603,0,0,0,0
636,636000,-0.0054,-0.0021,0.0116,0.0040,-85.4067,18.4645,66.7656,0,0,0,0
637,637000,-0.0096,0.0006,0.0096,0.0006,-73.1073,-9.1871,81.8881,0,0,0,0
638,638000,0.0040,0.0056,-0.0063,0.0032,-52.4560,-36.2561,89.3860,0,0,0,0
639,639000,-0.0096,-0.0079,-0.0020,-0.0196,-27.6225,-59.6746,88.0647,0,0,0,0
640,640000,-0.0039,0.0061,-0.0095,-0.0073,0.0437,-77.5512,77.7099,0,0,0,0
641,641000,-0.0005,-0.0082,-0.0016,-0.0104,28.1387,-87.5382,60.2772,0,0,0,0
642,642000,-0.0033,0.0026,0.0040,0.0033,52.5059,-89.1814,36.6938,0,0,0,0
643,643000,-0.0036,0.0008,0.0075,0.0047,73.0942,-81.6963,9.3601,0,0,0,0
644,644000,0.0000,-0.0100,-0.0039,-0.0139,85.2346,-66.8517,-18.8173,0,0,0,0
645,645000,-0.0053,0.0027,-0.0023,-0.0049,89.9250,-45.3354,-45.2192,0,0,0,0
646,646000,-0.0104,-0.0079,-0.0014,-0.0197,85.6208,-18.6971,-66.7429,0,0,0,0
647,647000,0.0022,0.0109,0.0051,0.0182,73.0933,9.1439,-81.9840,0,0,0,0
648,648000,-0.0131,0.0074,0.0092,0.0035,53.0724,36.4666,-88.9877,0,0,0,0
649,649000,0.0061,-0.0015,0.0015,0.0061,27.8689,60.2514,-87.5736,0,0,0,0
650,650000,0.0137,0.0057,0.0082,0.0277,0.0727,77.3961,-77.8530,0,0,0,0
651,651000,-0.0053,0.0007,0.0107,0.0061,-28.0214,88.2910,-60.0576,0,0,0,0
652,652000,0.0035,-0.0013,0.0004,0.0026,-53.2050,89.0623,-36.6632,0,0,0,0
653,653000,-0.0123,-0.0125,-0.0037,-0.0285,-72.6668,82.1225,-8.9503,0,0,0,0
654,654000,0.0074,-0.0094,-0.0082,-0.0102,-85.3046,67.0388,18.4612,0,0,0,0
655,655000,0.0003,0.0007,0.0130,0.0140,-89.8945,45.2318,45.0737,0,0,0,0
656,656000,-0.0029,0.0026,-0.0090,-0.0093,-85.7323,18.8363,67.1366,0,0,0,0
657,657000,0.0081,0.0037,-0.0116,0.0002,-72.5694,-9.5375,82.3897,0,0,0,0
658,658000,0.0013,0.0019,0.0007,0.0039,-53.1019,-36.2712,89.2211,0,0,0,0
659,659000,0.0044,0.0003,0.0087,0.0134,-27.5186,-60.4266,87.9857,0,0,0,0
660,660000,-0.0003,-0.0032,0.0132,0.0097,0.3731,-77.5478,77.3656,0,0,0,0
661,661000,-0.0108,-0.0104,-0.0100,-0.0312,27.7135,-87.8690,60.1470,0,0,0,0
662,662000,-0.0032,-0.0076,0.0058,-0.0049,52.8875,-89.5248,36.6771,0,0,0,0
663,663000,0.0099,0.0030,-0.0128,0.0001,72.8065,-82.0909,9.5803,0,0,0,0
664,664000,-0.0129,-0.0011,0.0102,-0.0038,85.4105,-66.6427,-18.4194,0,0,0,0
665,665000,0.0103,-0.0087,-0.0015,0.0001,90.2606,-45.0382,-44.6375,0,0,0,0
666,666000,-0.0016,0.0075,0.0045,0.0104,85.6341,-18.3683,-66.4041,0,0,0,0
667,667000,-0.0113,0.0037,0.0076,-0.0000,72.5082,9.5511,-82.1036,0,0,0,0
668,668000,0.0115,0.0041,0.0033,0.0189,52.6637,36.5532,-89.1650,0,0,0,0
669,669000,0.0068,0.0060,-0.0129,-0.0001,27.7691,59.9003,-87.9708,0,0,0,0
670,670000,0.0003,0.0133,-0.0054,0.0082,-0.2611,77.6123,-77.7967,0,0,0,0
671,671000,-0.0127,-0.0112,-0.0077,-0.0317,-27.3773,87.5397,-59.9646,0,0,0,0
672,672000,-0.0050,-0.0028,-0.0109,-0.0187,-53.1966,89.7631,-36.4161,0,0,0,0
673,673000,-0.0030,0.0010,-0.0131,-0.0151,-72.2714,81.6677,-9.2635,0,0,0,0
674,674000,0.0107,-0.0015,0.0108,0.0200,-85.4634,66.3442,18.4329,0,0,0,0
675,675000,0.0134,0.0036,0.0004,0.0174,-89.5413,44.7790,44.6948,0,0,0,0
676,676000,0.0135,-0.0058,0.0139,0.0215,-85.3519,19.0462,67.0321,0,0,0,0
677,677000,-0.0022,0.0128,-0.0123,-0.0016,-72.3416,-9.1058,81.7964,0,0,0,0
678,678000,-0.0103,-0.0080,0.0046,-0.0137,-52.9540,-36.5321,89.6537,0,0,0,0
679,679000,-0.0041,-0.0038,-0.0096,-0.0175,-27.3547,-59.9123,88.2202,0,0,0,0
680,680000,0.0048,-0.0075,0.0131,0.0103,0.1460,-77.7736,78.0279,0,0,0,0
681,681000,-0.0082,0.0018,0.0017,-0.0047,27.3391,-88.2213,60.4765,0,0,0,0
682,682000,0.0046,0.0140,-0.0092,0.0094,52.9197,-89.5680,36.1631,0,0,0,0
683,683000,0.0100,-0.0122,0.0068,0.0046,72.8739,-82.1872,9.4219,0,0,0,0
684,684000,0.0023,-0.0135,-0.0083,-0.0194,85.6856,-66.7753,-18.8607,0,0,0,0
685,685000,-0.0033,-0.0069,-0.0107,-0.0209,89.7885,-45.1977,-44.6891,0,0,0,0
686,686000,0.0020,0.0043,-0.0004,0.0059,85.4590,-18.2949,-66.5291,0,0,0,0
687,687000,0.0120,-0.0021,-0.0046,0.0052,72.7601,9.3361,-81.6471,0,0,0,0
688,688000,0.0112,0.0047,0.0015,0.0174,52.4117,36.4451,-89.1919,0,0,0,0
689,689000,0.0125,-0.0113,-0.0057,-0.0045,28.1056,60.3561,-88.0554,0,0,0,0
690,690000,-0.0006,-0.0125,0.0090,-0.0041,0.1788,77.8633,-78.0481,0,0,0,0
691,691000,-0.0004,-0.0134,0.0026,-0.0112,-27.7994,88.2976,-59.9011,0,0,0,0
692,692000,-0.0106,0.0047,0.0133,0.0074,-52.8770,89.7689,-36.2878,0,0,0,0
693,693000,-0.0133,0.0131,0.0133,0.0130,-72.9745,82.1705,-9.1645,0,0,0,0
694,694000,0.0021,-0.0033,-0.0108,-0.0120,-85.2878,67.0319,19.0244,0,0,0,0
695,695000,-0.0024,-0.0107,0.0139,0.0008,-89.8574,45.1285,44.8299,0,0,0,0
696,696000,0.0128,0.0141,0.0117,0.0386,-85.8665,18.8950,66.5458,0,0,0,0
697,697000,0.0088,-0.0103,-0.0105,-0.0121,-72.2828,-9.0747,82.2115,0,0,0,0
698,698000,0.0135,0.0025,0.0113,0.0273,-52.9995,-36.9444,89.0610,0,0,0,0
699,699000,-0.0018,-0.0079,-0.0040,-0.0137,-27.8231,-60.1687,88.0678,0,0,0,0
700,700000,-0.0115,0.0032,0.0038,-0.0044,0.3271,-77.9368,77.5806,0,0,0,0
701,701000,-0.0027,-0.0134,-0.0072,-0.0233,27.5516,-88.1536,60.4196,0,0,0,0
702,702000,-0.0124,-0.0030,0.0108,-0.0045,52.6157,-89.4479,36.2077,0,0,0,0
703,703000,0.0087,-0.0110,-0.0003,-0.0026,72.9432,-82.1542,9.0543,0,0,0,0
704,704000,-0.0080,0.0080,0.0114,0.0115,85.4795,-66.8740,-18.7800,0,0,0,0
705,705000,0.0032,0.0023,-0.0090,-0.0035,89.6663,-45.2145,-44.7409,0,0,0,0
706,706000,-0.0035,0.0088,-0.0129,-0.0076,85.7608,-18.8544,-67.0000,0,0,0,0
707,707000,0.0101,0.0089,0.0134,0.0324,72.9245,9.2296,-81.8315,0,0,0,0
708,708000,-0.0047,0.0063,0.0124,0.0140,52.3997,36.2689,-88.9018,0,0,0,0
709,709000,0.0079,-0.0069,-0.0005,0.0005,28.1363,60.1420,-88.1389,0,0,0,0
710,710000,0.0116,-0.0141,-0.0073,-0.0098,-0.2437,77.7537,-78.0212,0,0,0,0
711,711000,-0.0070,-0.0035,-0.0118,-0.0222,-27.8789,88.0666,-59.9301,0,0,0,0
712,712000,-0.0059,-0.0099,-0.0068,-0.0226,-52.4958,88.9569,-36.2779,0,0,0,0
713,713000,-0.0012,0.0025,-0.0123,-0.0110,-72.6462,81.8852,-9.0515,0,0,0,0
714,714000,-0.0139,-0.0050,-0.0001,-0.0191,-85.8553,66.5152,18.6155,0,0,0,0
715,715000,-0.0115,0.0056,0.0001,-0.0058,-90.0892,45.1807,44.5119,0,0,0,0
716,716000,0.0063,0.0132,-0.0083,0.0112,-85.3865,18.3015,66.3719,0,0,0,0
717,717000,-0.0115,-0.0077,-0.0025,-0.0217,-73.0523,-9.4049,82.1677,0,0,0,0
718,718000,0.0126,0.0084,-0.0012,0.0198,-53.2275,-36.9103,88.9143,0,0,0,0
719,719000,0.0048,-0.0051,-0.0048,-0.0050,-27.6367,-60.2763,87.8108,0,0,0,0
720,720000,-0.0126,0.0043,0.0103,0.0019,0.1278,-78.2288,78.0709,0,0,0,0
721,721000,0.0044,0.0087,0.0125,0.0257,27.5247,-88.2363,59.8096,0,0,0,0
722,722000,0.0069,-0.0132,-0.0126,-0.0189,52.3536,-89.6058,36.9431,0,0,0,0
723,723000,-0.0019,0.0042,0.0116,0.0138,72.5136,-81.6524,8.9561,0,0,0,0
724,724000,-0.0049,-0.0094,-0.0114,-0.0257,85.7160,-66.5289,-18.4146,0,0,0,0
725,725000,-0.0134,-0.0131,-0.0069,-0.0334,89.7328,-45.0734,-44.6931,0,0,0,0
726,726000,0.0019,0.0137,0.0111,0.0267,84.9869,-18.7617,-67.0095,0,0,0,0
727,727000,0.0068,-0.0103,-0.0131,-0.0166,72.3388,9.0618,-81.6086,0,0,0,0
728,728000,-0.0076,-0.0105,-0.0128,-0.0308,53.2204,36.6789,-89.4324,0,0,0,0
729,729000,0.0044,0.0046,-0.0128,-0.0038,27.3910,60.2001,-88.2332,0,0,0,0
730,730000,0.0073,-0.0055,-0.0113,-0.0094,-0.2191,77.5335,-78.0262,0,0,0,0
731,731000,-0.0092,-0.0034,0.0084,-0.0042,-28.0403,88.2767,-60.4046,0,0,0,0
732,732000,0.0066,0.0094,-0.0061,0.0099,-53.0125,89.2433,-36.8666,0,0,0,0
733,733000,-0.0055,-0.0057,0.0031,-0.0081,-72.6610,82.3229,-9.4527,0,0,0,0
734,734000,-0.0140,0.0003,-0.0066,-0.0202,-85.6310,66.6819,18.8939,0,0,0,0
735,735000,0.0065,-0.0041,-0.0013,0.0011,-89.7398,44.8510,45.0600,0,0,0,0
736,736000,0.0035,-0.0073,0.0014,-0.0023,-85.0892,18.8189,66.8576,0,0,0,0
737,737000,-0.0091,-0.0076,0.0078,-0.0089,-72.6868,-9.4737,81.9012,0,0,0,0
738,738000,-0.0091,0.0130,-0.0047,-0.0009,-52.8962,-36.6468,89.6343,0,0,0,0
739,739000,-0.0066,-0.0031,0.0081,-0.0016,-27.5171,-60.4051,88.1864,0,0,0,0
740,740000,0.0003,-0.0024,-0.0066,-0.0087,0.1074,-77.9612,78.0357,0,0,0,0
741,741000,-0.0037,0.0099,-0.0096,-0.0035,27.5290,-87.6742,60.4374,0,0,0,0
742,742000,0.0078,0.0120,0.0062,0.0260,53.1950,-89.4180,36.6808,0,0,0,0
743,743000,-0.0046,0.0056,-0.0026,-0.0016,72.7165,-81.8704,9.6234,0,0,0,0
744,744000,0.0108,0.0110,-0.0098,0.0120,85.4876,-66.5226,-18.9407,0,0,0,0
745,745000,0.0116,-0.0032,-0.0099,-0.0014,90.0436,-44.5267,-45.2636,0,0,0,0
746,746000,-0.0007,-0.0012,0.0123,0.0104,85.1104,-18.5434,-66.3403,0,0,0,0
747,747000,0.0069,-0.0078,0.0125,0.0116,72.7038,9.1829,-82.2414,0,0,0,0
748,748000,0.0014,-0.0020,-0.0134,-0.0140,52.7919,36.6825,-89.0668,0,0,0,0
749,749000,-0.0030,-0.0058,0.0039,-0.0049,27.7887,60.0711,-87.7479,0,0,0,0
750,750000,0.0071,0.0081,-0.0114,0.0038,0.2325,77.4020,-77.4580,0,0,0,0
751,751000,0.0049,-0.0113,0.0004,-0.0059,-27.7542,88.2085,-60.3701,0,0,0,0
752,752000,-0.0011,-0.0135,-0.0007,-0.0153,-53.2145,89.5978,-36.6391,0,0,0,0
753,753000,-0.0008,0.0093,-0.0114,-0.0029,-72.9615,81.6043,-9.3556,0,0,0,0
754,754000,-0.0022,0.0015,0.0016,0.0009,-85.4350,66.9353,18.3501,0,0,0,0
755,755000,0.0066,-0.0108,0.0135,0.0093,-89.7483,45.3377,44.8159,0,0,0,0
756,756000,-0.0086,0.0080,-0.0089,-0.0095,-85.1779,18.6214,66.8732,0,0,0,0
757,757000,0.0096,0.0139,-0.0032,0.0203,-72.4382,-9.2689,82.2316,0,0,0,0
758,758000,-0.0044,0.0118,-0.0111,-0.0037,-52.8766,-36.8082,88.9981,0,0,0,0
759,759000,0.0122,0.0025,-0.0138,0.0009,-27.4304,-59.7391,87.7580,0,0,0,0
760,760000,0.0021,0.0047,-0.0110,-0.0043,0.0051,-77.3385,77.9093,0,0,0,0
761,761000,0.0057,-0.0059,0.0034,0.0033,27.6494,-87.8877,60.0542,0,0,0,0
762,762000,0.0049,0.0110,-0.0048,0.0110,52.7124,-89.5703,36.6208,0,0,0,0
763,763000,-0.0132,-0.0111,0.0077,-0.0166,73.0711,-82.1845,8.9638,0,0,0,0
764,764000,-0.0028,0.0019,0.0024,0.0015,85.6150,-66.9500,-18.4387,0,0,0,0
765,765000,-0.0118,-0.0064,-0.0007,-0.0190,89.5689,-45.1122,-44.7583,0,0,0,0
766,766000,0.0094,-0.0083,0.0009,0.0020,85.5596,-18.5068,-67.1042,0,0,0,0
767,767000,-0.0129,0.0084,0.0065,0.0020,72.7185,9.1774,-81.6411,0,0,0,0
768,768000,0.0103,-0.0080,-0.0070,-0.0047,52.7860,36.1482,-89.2827,0,0,0,0
769,769000,-0.0112,-0.0061,0.0026,-0.0148,27.3145,60.2364,-87.7103,0,0,0,0
770,770000,0.0077,-0.0053,-0.0096,-0.0072,-0.4064,78.1401,-77.4118,0,0,0,0
771,771000,-0.0099,0.0108,0.0120,0.0130,-27.6987,88.1692,-60.1838,0,0,0,0
772,772000,0.0013,0.0131,0.0029,0.0173,-53.2112,89.6605,-36.7586,0,0,0,0
773,773000,-0.0101,0.0076,0.0112,0.0088,-72.2531,81.8322,-8.9979,0,0,0,0
774,774000,-0.0056,-0.0097,-0.0051,-0.0204,-85.6333,66.3500,18.2915,0,0,0,0
775,775000,-0.0124,0.0137,0.0095,0.0108,-89.8343,44.5446,45.2918,0,0,0,0
776,776000,-0.0113,-0.0033,0.0081,-0.0065,-85.0409,18.2961,66.3850,0,0,0,0
777,777000,0.0057,-0.0001,-0.0103,-0.0047,-73.0330,-9.6547,82.2342,0,0,0,0
778,778000,0.0023,0.0098,-0.0103,0.0019,-52.9629,-36.9654,89.6874,0,0,0,0
779,779000,0.0048,0.0133,0.0086,0.0267,-28.1994,-60.0791,87.4822,0,0,0,0
780,780000,-0.0115,0.0010,-0.0057,-0.0163,-0.3301,-77.4664,77.4555,0,0,0,0
781,781000,-0.0004,0.0077,0.0133,0.0206,27.9314,-87.7553,60.0766,0,0,0,0
782,782000,0.0003,-0.0058,0.0030,-0.0026,52.7835,-89.3866,36.2963,0,0,0,0
783,783000,0.0082,0.0118,0.0032,0.0232,72.2841,-82.0504,9.0390,0,0,0,0
784,784000,0.0137,0.0022,-0.0071,0.0089,85.0794,-66.9372,-18.9863,0,0,0,0
785,785000,-0.0043,-0.0120,0.0119,-0.0044,90.1532,-45.1431,-45.1608,0,0,0,0
786,786000,-0.0127,-0.0019,-0.0032,-0.0177,85.5057,-18.5281,-66.8292,0,0,0,0
787,787000,-0.0070,-0.0094,0.0073,-0.0091,72.5218,9.2294,-82.0526,0,0,0,0
788,788000,-0.0053,-0.0102,-0.0004,-0.0159,52.4100,36.4081,-89.0453,0,0,0,0
789,789000,0.0123,0.0012,-0.0063,0.0072,27.7242,60.2816,-87.8289,0,0,0,0
790,790000,0.0116,0.0030,0.0136,0.0282,-0.0665,77.7877,-77.6938,0,0,0,0
791,791000,0.0136,-0.0111,0.0057,0.0081,-28.1758,88.2924,-60.2408,0,0,0,0
792,792000,-0.0014,0.0118,-0.0038,0.0066,-52.3974,89.0605,-36.5265,0,0,0,0
793,793000,0.0109,-0.0089,-0.0117,-0.0097,-72.3456,82.1738,-9.6971,0,0,0,0
794,794000,-0.0027,-0.0039,-0.0068,-0.0134,-85.1849,66.6258,19.0094,0,0,0,0
795,795000,-0.0007,-0.0118,0.0044,-0.0081,-89.6679,45.2298,44.7047,0,0,0,0
796,796000,0.0096,0.0090,0.0129,0.0315,-85.8633,18.6818,66.6743,0,0,0,0
797,797000,-0.0091,0.0057,0.0087,0.0053,-73.0742,-9.4375,82.3883,0,0,0,0
798,798000,-0.0140,0.0088,0.0028,-0.0024,-52.6676,-36.6125,89.4774,0,0,0,0
799,799000,0.0138,-0.0113,-0.0102,-0.0077,-27.4810,-60.4250,87.8266,0,0,0,0
800,800000,-0.0094,-0.0110,0.0083,-0.0121,0.0013,-77.9154,77.4776,0,0,0,0
801,801000,-0.0077,-0.0090,-0.0061,-0.0228,27.8011,-87.8016,60.1301,0,0,0,0
802,802000,-0.0008,0.0007,0.0030,0.0029,53.1207,-89.4502,36.6167,0,0,0,0
803,803000,-0.0132,-0.0130,-0.0066,-0.0328,72.4576,-81.8240,9.4828,0,0,0,0
804,804000,-0.0109,0.0080,0.0123,0.0094,85.3047,-66.5616,-18.8109,0,0,0,0
805,805000,-0.0133,0.0078,0.0132,0.0077,90.1317,-45.1819,-44.5088,0,0,0,0
806,806000,0.0121,0.0040,0.0120,0.0281,85.1177,-18.5908,-67.1875,0,0,0,0
807,807000,0.0121,0.0039,-0.0040,0.0121,72.4723,9.7798,-82.0593,0,0,0,0
808,808000,0.0136,-0.0010,-0.0105,0.0021,52.8804,36.2976,-89.2863,0,0,0,0
809,809000,0.0099,-0.0057,0.0116,0.0159,27.3265,60.2073,-87.6613,0,0,0,0
810,810000,-0.0048,0.0032,-0.0106,-0.0122,-0.1785,78.1155,-77.5463,0,0,0,0
811,811000,0.0074,0.0044,0.0016,0.0134,-28.1174,87.6615,-59.8284,0,0,0,0
812,812000,-0.0060,-0.0105,-0.0117,-0.0282,-52.4470,88.9062,-36.5220,0,0,0,0
813,813000,0.0016,-0.0135,-0.0044,-0.0163,-72.5625,81.8001,-8.9559,0,0,0,0
814,814000,0.0017,-0.0134,-0.0010,-0.0128,-85.2298,67.1902,18.7500,0,0,0,0
815,815000,-0.0109,-0.0079,0.0064,-0.0124,-90.1326,45.0516,45.1038,0,0,0,0
816,816000,-0.0071,-0.0074,0.0027,-0.0117,-85.0436,18.8715,66.3085,0,0,0,0
817,817000,0.0089,0.0129,0.0080,0.0299,-72.6144,-9.0155,82.1327,0,0,0,0
818,818000,-0.0055,0.0013,0.0021,-0.0021,-52.5509,-36.7301,89.5351,0,0,0,0
819,819000,0.0095,-0.0020,0.0054,0.0128,-27.6620,-59.9741,87.7256,0,0,0,0
820,820000,-0.0098,0.0012,-0.0123,-0.0208,0.0968,-78.2176,77.3762,0,0,0,0
821,821000,-0.0048,-0.0075,-0.0036,-0.0159,27.7180,-87.6219,60.4513,0,0,0,0
822,822000,-0.0118,-0.0016,-0.0078,-0.0212,52.6286,-89.6879,36.6781,0,0,0,0
823,823000,-0.0122,0.0015,-0.0079,-0.0186,72.7404,-82.3731,8.9575,0,0,0,0
824,824000,-0.0062,-0.0029,0.0040,-0.0051,85.3998,-66.6431,-18.3602,0,0,0,0
825,825000,-0.0058,0.0077,0.0116,0.0135,89.6362,-44.9083,-45.0662,0,0,0,0
826,826000,0.0106,-0.0062,0.0069,0.0114,84.9779,-18.9572,-66.3852,0,0,0,0
827,827000,-0.0092,-0.0140,-0.0119,-0.0351,72.4833,8.9678,-81.8616,0,0,0,0
828,828000,-0.0054,-0.0045,-0.0029,-0.0128,52.9894,36.9281,-89.6747,0,0,0,0
829,829000,0.0010,-0.0062,0.0121,0.0069,27.5884,60.5079,-87.9560,0,0,0,0
830,830000,0.0094,-0.0034,-0.0095,-0.0035,0.0567,77.4783,-77.8247,0,0,0,0
831,831000,-0.0074,-0.0079,0.0083,-0.0069,-27.5181,87.5326,-59.9399,0,0,0,0
832,832000,-0.0059,-0.0079,0.0040,-0.0098,-53.0780,88.9477,-36.1522,0,0,0,0
833,833000,-0.0102,-0.0128,0.0093,-0.0138,-72.7632,81.6189,-9.2938,0,0,0,0
834,834000,-0.0030,0.0054,-0.0016,0.0007,-85.0552,66.8352,18.3135,0,0,0,0
835,835000,-0.0058,-0.0102,-0.0056,-0.0216,-90.1227,44.5759,44.8240,0,0,0,0
836,836000,0.0012,0.0115,-0.0073,0.0053,-85.1771,18.5470,66.4544,0,0,0,0
837,837000,-0.0027,-0.0007,-0.0140,-0.0174,-72.5680,-8.9476,81.7994,0,0,0,0
838,838000,-0.0106,-0.0132,0.0096,-0.0142,-52.9220,-36.7865,89.4002,0,0,0,0
839,839000,0.0000,0.0079,-0.0139,-0.0060,-27.9320,-59.8091,87.5387,0,0,0,0
840,840000,-0.0023,-0.0128,0.0040,-0.0110,0.1540,-77.7131,77.5228,0,0,0,0
841,841000,0.0034,-0.0004,-0.0141,-0.0111,27.7447,-87.7588,60.2290,0,0,0,0
842,842000,-0.0089,-0.0045,-0.0100,-0.0234,52.8652,-89.6824,36.8378,0,0,0,0
843,843000,-0.0035,-0.0062,0.0004,-0.0093,72.8573,-82.0567,9.2700,0,0,0,0
844,844000,0.0133,0.0064,0.0034,0.0232,85.2473,-66.6740,-18.3156,0,0,0,0
845,845000,-0.0077,0.0079,0.0135,0.0137,89.6221,-44.7035,-45.2336,0,0,0,0
846,846000,-0.0075,0.0043,0.0118,0.0085,85.8341,-18.7016,-66.7143,0,0,0,0
847,847000,-0.0120,-0.0060,0.0096,-0.0084,72.5102,9.5983,-82.1001,0,0,0,0
848,848000,0.0080,-0.0058,-0.0086,-0.0064,52.4489,36.7617,-89.2200,0,0,0,0
849,849000,0.0117,0.0048,-0.0020,0.0144,28.1315,60.5235,-87.9232,0,0,0,0
850,850000,-0.0020,-0.0091,0.0112,0.0000,-0.3966,77.7556,-77.8553,0,0,0,0
851,851000,-0.0106,-0.0096,0.0057,-0.0146,-27.4994,87.4806,-60.2583,0,0,0,0
852,852000,0.0013,-0.0120,-0.0124,-0.0232,-52.8754,89.5214,-36.8614,0,0,0,0
853,853000,-0.0122,-0.0006,0.0121,-0.0007,-73.0084,82.0920,-9.8157,0,0,0,0
854,854000,0.0037,-0.0020,-0.0103,-0.0087,-85.4387,66.5973,18.4026,0,0,0,0
855,855000,-0.0004,0.0024,-0.0102,-0.0082,-89.7795,44.5226,45.1936,0,0,0,0
856,856000,0.0005,0.0004,0.0116,0.0125,-85.6123,18.5963,66.3715,0,0,0,0
857,857000,-0.0061,-0.0053,-0.0133,-0.0247,-72.9739,-9.8179,82.2711,0,0,0,0
858,858000,-0.0013,0.0115,0.0011,0.0113,-52.9384,-36.4682,89.6889,0,0,0,0
859,859000,-0.0099,0.0056,-0.0068,-0.0112,-27.9848,-60.3607,87.7124,0,0,0,0
860,860000,0.0045,-0.0034,-0.0106,-0.0095,0.0020,-77.6806,77.7627,0,0,0,0
861,861000,0.0131,-0.0112,-0.0084,-0.0065,27.9461,-87.7091,60.2621,0,0,0,0
862,862000,-0.0025,0.0108,-0.0082,0.0002,52.8547,-89.4656,36.5523,0,0,0,0
863,863000,-0.0130,-0.0064,0.0089,-0.0104,72.3008,-81.7167,9.6611,0,0,0,0
864,864000,-0.0095,-0.0059,0.0103,-0.0050,85.3541,-66.8072,-18.3351,0,0,0,0
865,865000,0.0105,0.0086,0.0140,0.0331,89.6968,-44.9182,-45.0726,0,0,0,0
866,866000,-0.0044,0.0116,0.0095,0.0167,85.8339,-18.6834,-66.5902,0,0,0,0
867,867000,-0.0053,0.0032,-0.0068,-0.0088,72.8873,9.8170,-82.1025,0,0,0,0
868,868000,-0.0058,-0.0095,0.0022,-0.0131,52.7251,36.8130,-89.1357,0,0,0,0
869,869000,0.0093,-0.0026,-0.0140,-0.0073,27.3246,59.7727,-87.9298,0,0,0,0
870,870000,-0.0105,-0.0049,-0.0047,-0.0201,0.0606,77.8121,-78.1322,0,0,0,0
871,871000,0.0090,-0.0022,-0.0015,0.0053,-28.1546,87.5164,-60.1715,0,0,0,0
872,872000,-0.0002,-0.0076,-0.0135,-0.0213,-52.7043,89.1606,-36.5840,0,0,0,0
873,873000,0.0079,0.0107,-0.0121,0.0064,-72.8794,82.3789,-9.3203,0,0,0,0
874,874000,-0.0056,0.0044,-0.0089,-0.0101,-85.0877,67.1055,18.9317,0,0,0,0
875,875000,-0.0059,0.0014,0.0123,0.0079,-89.8205,45.2280,45.0863,0,0,0,0
876,876000,0.0065,0.0116,0.0063,0.0244,-85.8622,19.0979,66.7126,0,0,0,0
877,877000,0.0107,0.0103,0.0044,0.0254,-72.7751,-9.5756,82.0129,0,0,0,0
878,878000,-0.0084,0.0008,-0.0013,-0.0089,-52.6572,-36.8959,89.4848,0,0,0,0
879,879000,0.0126,-0.0101,-0.0016,0.0010,-27.3186,-60.3285,88.0596,0,0,0,0
880,880000,-0.0097,0.0019,-0.0052,-0.0130,-0.3987,-77.5993,77.9773,0,0,0,0
881,881000,-0.0030,0.0065,-0.0086,-0.0050,27.6646,-88.2905,60.2146,0,0,0,0
882,882000,0.0048,0.0080,-0.0021,0.0108,53.1049,-89.0460,36.0857,0,0,0,0
883,883000,-0.0122,0.0083,0.0091,0.0052,72.3367,-82.3627,9.6945,0,0,0,0
884,884000,0.0111,0.0005,-0.0066,0.0050,85.6164,-66.7422,-18.7744,0,0,0,0
885,885000,-0.0070,0.0012,0.0071,0.0014,90.2320,-45.1726,-44.9766,0,0,0,0
886,886000,-0.0014,-0.0135,-0.0094,-0.0243,85.4873,-18.4131,-66.3166,0,0,0,0
887,887000,0.0011,0.0063,0.0056,0.0130,72.5767,9.5123,-82.1564,0,0,0,0
888,888000,0.0100,-0.0070,0.0110,0.0140,52.9176,36.9057,-88.9843,0,0,0,0
889,889000,0.0028,0.0137,-0.0062,0.0103,27.3268,60.4724,-87.6587,0,0,0,0
890,890000,-0.0127,-0.0100,0.0075,-0.0152,0.3297,77.8910,-78.1468,0,0,0,0
891,891000,0.0018,-0.0127,0.0110,0.0001,-28.0101,87.9895,-60.5460,0,0,0,0
892,892000,-0.0111,-0.0031,0.0081,-0.0060,-52.9428,89.3003,-36.5034,0,0,0,0
893,893000,0.0054,-0.0124,-0.0080,-0.0151,-72.4743,82.3890,-9.3667,0,0,0,0
894,894000,0.0003,0.0065,-0.0069,-0.0002,-85.2940,66.3283,18.2856,0,0,0,0
895,895000,-0.0062,-0.0123,0.0111,-0.0074,-90.0195,44.8226,44.7635,0,0,0,0
896,896000,0.0053,-0.0087,-0.0112,-0.0147,-85.1191,18.7941,66.7588,0,0,0,0
897,897000,-0.0080,-0.0051,-0.0086,-0.0217,-72.8319,-9.3831,82.1615,0,0,0,0
898,898000,-0.0138,0.0005,-0.0062,-0.0195,-52.4125,-36.6946,88.9723,0,0,0,0
899,899000,0.0096,-0.0067,0.0121,0.0150,-27.7984,-60.4649,87.4363,0,0,0,0
900,900000,0.0110,0.0044,0.0030,0.0184,0.2607,-77.8673,77.9559,0,0,0,0
901,901000,0.0041,0.0057,-0.0111,-0.0013,27.4886,-87.9095,60.1120,0,0,0,0
902,902000,-0.0031,0.0005,-0.0117,-0.0144,53.2237,-89.3923,36.5949,0,0,0,0
903,903000,0.0092,-0.0041,0.0006,0.0058,72.5586,-81.8379,9.5355,0,0,0,0
904,904000,-0.0096,0.0105,0.0103,0.0112,85.0287,-66.5482,-18.8236,0,0,0,0
905,905000,0.0135,-0.0088,0.0011,0.0059,89.5518,-45.0362,-44.8282,0,0,0,0
906,906000,-0.0022,-0.0099,-0.0038,-0.0159,85.3647,-18.7906,-66.9793,0,0,0,0
907,907000,-0.0071,0.0076,-0.0062,-0.0057,72.8018,9.3964,-82.1504,0,0,0,0
908,908000,0.0045,0.0115,-0.0047,0.0113,52.4273,36.7109,-89.7328,0,0,0,0
909,909000,0.0051,-0.0066,0.0014,-0.0001,27.7897,60.0306,-87.7579,0,0,0,0
910,910000,-0.0083,0.0078,0.0082,0.0077,0.2827,77.3385,-77.9246,0,0,0,0
911,911000,-0.0097,-0.0091,-0.0020,-0.0208,-27.4617,88.0800,-60.0437,0,0,0,0
912,912000,0.0042,-0.0122,0.0068,-0.0013,-53.0117,89.2067,-36.9250,0,0,0,0
913,913000,-0.0051,-0.0037,-0.0111,-0.0199,-72.3249,81.8700,-9.6230,0,0,0,0
914,914000,0.0086,-0.0088,0.0010,0.0008,-85.4483,67.1182,18.7313,0,0,0,0
915,915000,-0.0008,0.0097,0.0075,0.0164,-89.4679,45.0321,44.6592,0,0,0,0
916,916000,0.0103,0.0127,-0.0009,0.0222,-85.1093,18.9370,67.1224,0,0,0,0
917,917000,0.0127,0.0107,-0.0102,0.0133,-73.0065,-9.3871,81.7159,0,0,0,0
918,918000,0.0066,0.0119,0.0079,0.0264,-52.6548,-36.8018,88.9288,0,0,0,0
919,919000,-0.0016,-0.0121,0.0061,-0.0076,-28.1288,-59.8038,87.6532,0,0,0,0
920,920000,-0.0087,-0.0003,0.0131,0.0041,0.1573,-77.4329,77.6459,0,0,0,0
921,921000,0.0045,0.0054,-0.0009,0.0091,28.0675,-87.8995,60.3289,0,0,0,0
922,922000,0.0095,0.0114,0.0050,0.0259,53.0465,-88.9322,36.6051,0,0,0,0
923,923000,-0.0007,0.0059,0.0077,0.0129,72.5504,-82.1086,9.3007,0,0,0,0
924,924000,-0.0013,0.0030,-0.0035,-0.0017,85.2356,-66.5446,-18.3549,0,0,0,0
925,925000,-0.0086,-0.0137,-0.0038,-0.0261,90.0652,-44.8040,-45.2114,0,0,0,0
926,926000,0.0092,-0.0102,0.0052,0.0041,85.2226,-18.5168,-66.8669,0,0,0,0
927,927000,0.0079,0.0129,0.0096,0.0304,72.7731,9.1028,-81.9784,0,0,0,0
928,928000,0.0074,0.0035,-0.0135,-0.0027,52.5617,36.0938,-89.1490,0,0,0,0
929,929000,-0.0006,-0.0127,-0.0002,-0.0135,27.5236,59.7510,-87.7257,0,0,0,0
930,930000,-0.0109,-0.0048,-0.0114,-0.0272,0.3663,78.0020,-78.1686,0,0,0,0
931,931000,0.0059,-0.0023,-0.0132,-0.0096,-27.3864,87.4305,-60.1863,0,0,0,0
932,932000,0.0017,0.0048,0.0116,0.0181,-52.5961,89.6322,-36.4430,0,0,0,0
933,933000,0.0103,-0.0084,0.0002,0.0021,-72.2857,81.8869,-9.1962,0,0,0,0
934,934000,-0.0040,0.0028,0.0020,0.0008,-85.0645,66.3930,18.6484,0,0,0,0
935,935000,-0.0116,-0.0073,0.0002,-0.0187,-90.0372,45.2632,44.8293,0,0,0,0
936,936000,0.0038,0.0051,-0.0097,-0.0009,-85.1017,18.4401,67.0835,0,0,0,0
937,937000,-0.0116,-0.0001,0.0045,-0.0072,-72.2171,-9.7127,81.9808,0,0,0,0
938,938000,-0.0100,-0.0054,-0.0067,-0.0220,-52.7751,-36.4961,89.6720,0,0,0,0
939,939000,0.0114,-0.0001,-0.0141,-0.0028,-27.3155,-60.4313,88.1311,0,0,0,0
940,940000,0.0054,0.0045,-0.0031,0.0067,0.2107,-78.2121,77.3772,0,0,0,0
941,941000,-0.0055,0.0082,0.0025,0.0052,27.9754,-88.0140,60.1511,0,0,0,0
942,942000,-0.0046,-0.0101,-0.0028,-0.0175,52.5299,-88.9836,36.6671,0,0,0,0
943,943000,0.0065,0.0055,-0.0075,0.0045,73.0021,-82.3208,9.7462,0,0,0,0
944,944000,0.0098,-0.0034,0.0094,0.0158,85.7866,-66.5542,-18.9423,0,0,0,0
945,945000,-0.0138,-0.0125,-0.0127,-0.0390,90.1802,-45.3225,-44.6192,0,0,0,0
946,946000,0.0025,-0.0016,-0.0140,-0.0131,85.0290,-19.0202,-66.3496,0,0,0,0
947,947000,0.0100,-0.0129,0.0136,0.0108,72.6900,9.4122,-82.2917,0,0,0,0
948,948000,0.0056,-0.0047,0.0028,0.0038,52.5929,36.8729,-89.6103,0,0,0,0
949,949000,0.0052,-0.0076,0.0058,0.0034,27.8635,60.4780,-87.7322,0,0,0,0
950,950000,-0.0023,0.0076,0.0010,0.0063,-0.3696,77.6865,-77.6536,0,0,0,0
951,951000,0.0003,-0.0102,0.0038,-0.0060,-27.4751,87.5260,-60.0798,0,0,0,0
952,952000,-0.0043,0.0074,-0.0012,0.0019,-52.3569,89.1458,-36.3536,0,0,0,0
953,953000,-0.0069,-0.0140,0.0062,-0.0148,-72.6993,81.9128,-9.7711,0,0,0,0
954,954000,0.0093,-0.0131,0.0014,-0.0025,-84.9716,66.6095,18.4149,0,0,0,0
955,955000,0.0079,0.0102,0.0122,0.0303,-90.0441,44.8468,45.0013,0,0,0,0
956,956000,0.0034,-0.0102,0.0138,0.0069,-85.6072,18.7253,66.9671,0,0,0,0
957,957000,-0.0102,-0.0076,0.0066,-0.0111,-72.7314,-8.9403,81.9204,0,0,0,0
958,958000,-0.0133,-0.0027,-0.0006,-0.0166,-52.5865,-36.5436,89.6520,0,0,0,0
959,959000,0.0003,0.0105,0.0009,0.0116,-27.7734,-60.4343,88.1308,0,0,0,0
960,960000,-0.0080,-0.0019,0.0047,-0.0053,0.3834,-77.7584,77.6538,0,0,0,0
961,961000,-0.0117,0.0107,-0.0096,-0.0105,27.8932,-87.5984,60.4788,0,0,0,0
962,962000,-0.0093,-0.0021,0.0004,-0.0110,52.4854,-89.3810,36.7026,0,0,0,0
963,963000,-0.0138,-0.0086,-0.0117,-0.0342,72.8405,-81.9208,9.2940,0,0,0,0
964,964000,0.0090,0.0014,0.0050,0.0154,85.1215,-66.6188,-18.4812,0,0,0,0
965,965000,0.0132,-0.0059,0.0087,0.0160,89.3662,-44.8321,-44.8484,0,0,0,0
966,966000,-0.0111,0.0035,-0.0098,-0.0175,85.2602,-18.6912,-66.9045,0,0,0,0
967,967000,0.0029,-0.0058,-0.0088,-0.0117,72.6580,9.4322,-81.9985,0,0,0,0
968,968000,0.0130,-0.0052,0.0118,0.0197,52.8206,36.9120,-88.9264,0,0,0,0
969,969000,-0.0059,-0.0110,-0.0032,-0.0201,27.9996,60.4994,-87.8674,0,0,0,0
970,970000,0.0023,0.0128,0.0129,0.0281,0.0644,77.4576,-77.4557,0,0,0,0
971,971000,0.0104,-0.0115,-0.0119,-0.0130,-27.8881,87.8815,-60.4443,0,0,0,0
972,972000,0.0135,-0.0130,-0.0039,-0.0035,-52.7687,89.6577,-36.9408,0,0,0,0
973,973000,0.0062,-0.0065,-0.0090,-0.0094,-72.9457,82.2330,-8.9859,0,0,0,0
974,974000,0.0017,-0.0043,-0.0127,-0.0153,-85.0694,66.7121,18.4336,0,0,0,0
975,975000,-0.0137,-0.0086,0.0065,-0.0157,-90.1368,44.5692,44.5929,0,0,0,0
976,976000,0.0038,0.0002,-0.0131,-0.0091,-85.8105,18.9749,66.5434,0,0,0,0
977,977000,0.0020,-0.0028,-0.0044,-0.0052,-72.2403,-9.2596,82.4947,0,0,0,0
978,978000,-0.0096,-0.0026,-0.0108,-0.0229,-52.4765,-36.7906,89.3772,0,0,0,0
979,979000,-0.0033,-0.0138,0.0039,-0.0131,-27.4072,-59.6915,87.4207,0,0,0,0
980,980000,-0.0103,-0.0093,0.0060,-0.0136,-0.2140,-77.8851,77.4574,0,0,0,0
981,981000,0.0057,-0.0039,0.0083,0.0101,27.8209,-87.8793,60.2190,0,0,0,0
982,982000,0.0140,-0.0049,0.0054,0.0145,52.9689,-88.9776,36.8064,0,0,0,0
983,983000,0.0074,0.0126,-0.0037,0.0163,72.4865,-81.6357,9.3056,0,0,0,0
984,984000,0.0078,-0.0127,0.0114,0.0065,85.4152,-66.8527,-18.4140,0,0,0,0
985,985000,-0.0039,0.0124,-0.0048,0.0037,89.6385,-45.1598,-45.2975,0,0,0,0
986,986000,-0.0034,0.0014,0.0091,0.0071,85.3551,-18.6408,-66.8765,0,0,0,0
987,987000,0.0106,0.0070,-0.0085,0.0090,72.3909,9.1795,-82.2324,0,0,0,0
988,988000,0.0068,0.0124,0.0013,0.0206,52.5480,36.3990,-89.3864,0,0,0,0
989,989000,-0.0096,-0.0002,-0.0031,-0.0128,27.6792,60.0386,-88.0318,0,0,0,0
990,990000,-0.0053,0.0102,-0.0008,0.0041,-0.3105,78.0614,-77.7597,0,0,0,0
991,991000,-0.0140,0.0031,0.0077,-0.0032,-27.7472,87.6218,-59.9626,0,0,0,0
992,992000,0.0077,-0.0080,-0.0070,-0.0073,-52.6928,89.6182,-36.7610,0,0,0,0
993,993000,0.0134,0.0027,0.0010,0.0172,-72.7239,81.9035,-9.5175,0,0,0,0
994,994000,0.0074,-0.0051,0.0140,0.0163,-85.1579,66.3497,18.2531,0,0,0,0
995,995000,-0.0092,-0.0010,-0.0139,-0.0241,-90.0220,45.1164,44.8695,0,0,0,0
996,996000,-0.0062,0.0073,0.0019,0.0030,-85.0436,18.9057,66.9222,0,0,0,0
997,997000,-0.0015,-0.0003,0.0134,0.0116,-72.2891,-9.7098,81.8833,0,0,0,0
998,998000,0.0038,0.0047,-0.0140,-0.0055,-52.4126,-36.1092,89.3785,0,0,0,0
999,999000,-0.0133,-0.0047,-0.0110,-0.0290,-27.8246,-59.6551,87.4374,0,0,0,0
