0,0,-0.2789,-0.2892,0.5724,0.0043,-0.4266,-78.0303,77.9404,0,0,0,1
1,1000,-0.1065,-0.4226,0.5300,0.0009,27.3833,-88.2743,60.1025,0,0,0,1
2,2000,0.0457,-0.5125,0.4497,-0.0171,52.5212,-89.2822,36.6111,0,0,0,1
3,3000,0.2388,-0.5539,0.3280,0.0129,72.2183,-81.8718,9.0788,0,0,0,1
4,4000,0.3914,-0.5648,0.1846,0.0112,85.2720,-67.1075,-18.5803,0,0,0,1
5,5000,0.4986,-0.4889,-0.0034,0.0063,90.0210,-44.4824,-44.8606,0,0,0,1
6,6000,0.5626,-0.3683,-0.1690,0.0253,85.5252,-18.6040,-67.1532,0,0,0,1
7,7000,0.5549,-0.2420,-0.3438,-0.0309,72.4724,9.1482,-82.2492,0,0,0,1
8,8000,0.5206,-0.0628,-0.4642,-0.0064,52.6703,36.2700,-88.9304,0,0,0,1
9,9000,0.4246,0.1083,-0.5475,-0.0146,27.8523,60.3035,-87.9602,0,0,0,1
10,10000,0.2967,0.2845,-0.5560,0.0252,0.1257,77.9476,-77.5339,0,0,0,1
11,11000,0.1099,0.4152,-0.5462,-0.0211,-28.1745,87.6434,-59.6999,0,0,0,1
12,12000,-0.0485,0.5212,-0.4459,0.0268,-52.9582,89.2289,-36.5679,0,0,0,1
13,13000,-0.2367,0.5643,-0.3301,-0.0025,-72.8891,81.8366,-9.0309,0,0,0,1
14,14000,-0.3814,0.5674,-0.1864,-0.0003,-85.6709,66.7538,18.2668,0,0,0,1
15,15000,-0.5009,0.4982,-0.0123,-0.0151,-89.7002,44.8374,44.8010,0,0,0,1
16,16000,-0.5393,0.3918,0.1610,0.0135,-85.3926,18.9975,66.9435,0,0,0,1
17,17000,-0.5574,0.2235,0.3215,-0.0124,-72.6284,-9.2616,81.9912,0,0,0,1
18,18000,-0.5181,0.0698,0.4577,0.0093,-52.3841,-36.7434,89.0340,0,0,0,1
19,19000,-0.4087,-0.1233,0.5411,0.0091,-27.4215,-59.9729,87.5402,0,0,0,1
20,20000,-0.2754,-0.2750,0.5516,0.0012,0.0354,-77.7545,77.6238,0,0,0,1
21,21000,-0.1312,-0.4097,0.5326,-0.0083,28.1396,-87.5541,59.7007,0,0,0,1
22,22000,0.0698,-0.5285,0.4455,-0.0132,53.1931,-89.3352,36.7650,0,0,0,1
23,23000,0.2376,-0.5633,0.3259,0.0002,72.3278,-82.0050,9.7227,0,0,0,1
24,24000,0.3763,-0.5522,0.1664,-0.0095,85.1599,-66.5388,-18.8426,0,0,0,1
25,25000,0.5039,-0.4916,-0.0107,0.0015,89.9492,-44.8915,-45.1546,0,0,0,1
26,26000,0.5487,-0.3862,-0.1869,-0.0243,85.4981,-18.9248,-66.6275,0,0,0,1
27,27000,0.5549,-0.2199,-0.3399,-0.0049,73.0257,9.0028,-81.8980,0,0,0,1
28,28000,0.5087,-0.0468,-0.4584,0.0035,52.4615,36.5947,-89.0670,0,0,0,1
29,29000,0.4291,0.1062,-0.5402,-0.0049,27.4762,60.0358,-87.8816,0,0,0,1
30,30000,0.2893,0.2965,-0.5684,0.0174,0.1557,77.4211,-77.9261,0,0,0,1
31,31000,0.1278,0.4116,-0.5402,-0.0007,-27.9800,87.8058,-60.2966,0,0,0,1
32,32000,-0.0662,0.5152,-0.4562,-0.0073,-52.4116,89.6472,-36.9345,0,0,0,1
33,33000,-0.2160,0.5759,-0.3226,0.0372,-72.3598,82.4327,-9.6879,0,0,0,1
34,34000,-0.3789,0.5505,-0.1782,-0.0066,-85.6759,66.3489,19.1094,0,0,0,1
35,35000,-0.4965,0.4886,0.0129,0.0050,-89.5595,44.8382,45.3523,0,0,0,1
36,36000,-0.5517,0.3688,0.1881,0.0051,-85.2226,18.4909,66.8164,0,0,0,1
37,37000,-0.5614,0.2176,0.3326,-0.0113,-72.4388,-9.3126,82.3665,0,0,0,1
38,38000,-0.5265,0.0473,0.4603,-0.0189,-52.3779,-36.8131,89.4800,0,0,0,1
39,39000,-0.4279,-0.1066,0.5407,0.0062,-28.0956,-60.3256,87.9592,0,0,0,1
40,40000,-0.2851,-0.2822,0.5573,-0.0100,0.0751,-77.3913,77.9759,0,0,0,1
41,41000,-0.1250,-0.4155,0.5328,-0.0077,27.6606,-88.0316,60.3239,0,0,0,1
42,42000,0.0470,-0.5027,0.4456,-0.0101,52.7542,-88.8770,36.2733,0,0,0,1
43,43000,0.2234,-0.5518,0.3288,0.0004,73.0507,-81.7091,9.0808,0,0,0,1
44,44000,0.3880,-0.5502,0.1792,0.0170,85.6016,-66.3077,-19.1156,0,0,0,1
45,45000,0.4989,-0.4853,-0.0103,0.0032,89.6344,-44.5131,-45.2527,0,0,0,1
46,46000,0.5422,-0.3850,-0.1687,-0.0114,85.4666,-18.5794,-67.0115,0,0,0,1
47,47000,0.5664,-0.2304,-0.3227,0.0133,72.4496,9.7522,-82.4159,0,0,0,1
48,48000,0.5146,-0.0732,-0.4538,-0.0123,52.5911,36.7744,-89.5364,0,0,0,1
49,49000,0.4272,0.1156,-0.5500,-0.0072,27.8007,59.6573,-87.5079,0,0,0,1
50,50000,0.2943,0.2923,-0.5756,0.0109,0.0409,77.8559,-78.1164,0,0,0,1
51,51000,0.1122,0.4288,-0.5267,0.0142,-27.3959,88.1759,-60.3581,0,0,0,1
52,52000,-0.0662,0.5247,-0.4603,-0.0018,-53.1485,89.6676,-36.4225,0,0,0,1
53,53000,-0.2399,0.5729,-0.3237,0.0093,-72.2755,82.4774,-9.0456,0,0,0,1
54,54000,-0.3920,0.5486,-0.1663,-0.0096,-85.2063,67.1322,19.0005,0,0,0,1
55,55000,-0.4811,0.4980,0.0105,0.0274,-90.0241,44.5553,45.2294,0,0,0,1
56,56000,-0.5612,0.3774,0.1832,-0.0006,-85.1344,18.4985,66.5006,0,0,0,1
57,57000,-0.5761,0.2252,0.3457,-0.0051,-72.9372,-9.0609,81.8514,0,0,0,1
58,58000,-0.5128,0.0727,0.4701,0.0300,-52.8818,-36.4984,88.9771,0,0,0,1
59,59000,-0.4071,-0.1045,0.5269,0.0153,-28.0429,-60.3084,87.7932,0,0,0,1
60,60000,-0.2764,-0.2798,0.5624,0.0062,-0.1673,-77.7715,77.8505,0,0,0,1
61,61000,-0.1246,-0.4345,0.5391,-0.0199,27.9418,-87.4697,60.2948,0,0,0,1
62,62000,0.0660,-0.5206,0.4623,0.0076,52.9450,-89.7088,36.3784,0,0,0,1
63,63000,0.2248,-0.5564,0.3271,-0.0044,72.9741,-82.2291,9.3059,0,0,0,1
64,64000,0.3758,-0.5639,0.1873,-0.0008,85.2353,-66.8167,-18.5143,0,0,0,1
65,65000,0.5013,-0.4955,-0.0141,-0.0084,89.9184,-44.8643,-45.0987,0,0,0,1
66,66000,0.5513,-0.3741,-0.1764,0.0008,85.4906,-18.7050,-67.0024,0,0,0,1
67,67000,0.5618,-0.2217,-0.3442,-0.0041,73.0219,9.0915,-82.0359,0,0,0,1
68,68000,0.5205,-0.0501,-0.4528,0.0177,52.6437,36.7565,-89.5699,0,0,0,1
69,69000,0.4119,0.1104,-0.5281,-0.0058,27.3271,60.0754,-88.2356,0,0,0,1
70,70000,0.2804,0.2742,-0.5658,-0.0112,0.1165,77.9581,-78.0117,0,0,0,1
71,71000,0.1220,0.4275,-0.5491,0.0004,-28.1983,88.0945,-60.1649,0,0,0,1
72,72000,-0.0683,0.5173,-0.4647,-0.0158,-52.3804,88.9186,-36.2180,0,0,0,1
73,73000,-0.2313,0.5673,-0.3298,0.0062,-72.3908,82.4879,-8.9840,0,0,0,1
74,74000,-0.3674,0.5595,-0.1655,0.0266,-85.3176,66.7496,18.7165,0,0,0,1
75,75000,-0.4787,0.4892,-0.0071,0.0034,-89.5958,44.6910,45.0310,0,0,0,1
76,76000,-0.5458,0.3821,0.1629,-0.0008,-85.3997,18.4711,66.5528,0,0,0,1
77,77000,-0.5690,0.2312,0.3249,-0.0129,-72.8235,-9.7130,82.2239,0,0,0,1
78,78000,-0.5109,0.0565,0.4553,0.0008,-53.1831,-36.4926,89.0593,0,0,0,1
79,79000,-0.4226,-0.1152,0.5481,0.0102,-27.3906,-59.9221,88.0905,0,0,0,1
80,80000,-0.2862,-0.2870,0.5757,0.0024,-0.4438,-77.5541,78.1890,0,0,0,1
81,81000,-0.1199,-0.4191,0.5301,-0.0089,27.9766,-87.7592,59.8457,0,0,0,1
82,82000,0.0573,-0.5214,0.4549,-0.0092,52.3687,-89.1617,36.2301,0,0,0,1
83,83000,0.2292,-0.5591,0.3295,-0.0005,72.3271,-82.4746,9.4460,0,0,0,1
84,84000,0.3651,-0.5636,0.1621,-0.0364,85.5470,-66.7797,-18.7821,0,0,0,1
85,85000,0.4817,-0.4825,0.0071,0.0064,89.6591,-45.0159,-44.6092,0,0,0,1
86,86000,0.5463,-0.3921,-0.1607,-0.0065,85.0433,-18.6381,-66.8800,0,0,0,1
87,87000,0.5668,-0.2258,-0.3198,0.0213,72.9141,9.6165,-82.3198,0,0,0,1
88,88000,0.5032,-0.0697,-0.4558,-0.0223,52.4795,36.6831,-89.5759,0,0,0,1
89,89000,0.4260,0.1082,-0.5310,0.0033,27.9940,60.1940,-88.1982,0,0,0,1
90,90000,0.2919,0.2718,-0.5710,-0.0074,0.4174,77.3557,-77.6225,0,0,0,1
91,91000,0.1306,0.4265,-0.5326,0.0244,-27.8471,87.4711,-59.9834,0,0,0,1
92,92000,-0.0704,0.5267,-0.4684,-0.0121,-52.5470,89.4128,-36.0963,0,0,0,1
93,93000,-0.2221,0.5606,-0.3323,0.0061,-72.7988,81.9335,-9.5308,0,0,0,1
94,94000,-0.3686,0.5422,-0.1710,0.0026,-85.1293,67.1591,18.9687,0,0,0,1
95,95000,-0.4840,0.4965,-0.0065,0.0060,-89.8726,45.3254,45.1841,0,0,0,1
96,96000,-0.5522,0.3767,0.1683,-0.0073,-85.4336,18.8810,67.0612,0,0,0,1
97,97000,-0.5532,0.2409,0.3315,0.0192,-73.0328,-9.6182,82.1488,0,0,0,1
98,98000,-0.5202,0.0691,0.4495,-0.0016,-53.2150,-36.8167,89.5901,0,0,0,1
99,99000,-0.4249,-0.1119,0.5241,-0.0127,-27.4127,-60.2987,88.2544,0,0,0,1
100,100000,-0.2946,-0.2832,0.5711,-0.0067,0.1977,-77.5499,77.9128,0,0,0,1
101,101000,-0.1179,-0.4319,0.5434,-0.0063,28.0173,-88.1020,59.9237,0,0,0,1
102,102000,0.0614,-0.5159,0.4646,0.0101,52.7677,-89.3895,36.3789,0,0,0,1
103,103000,0.2358,-0.5696,0.3238,-0.0100,72.4558,-82.3904,9.0465,0,0,0,1
104,104000,0.3795,-0.5622,0.1744,-0.0083,85.6543,-67.0000,-18.4718,0,0,0,1
105,105000,0.5034,-0.4960,-0.0087,-0.0013,89.8368,-45.2661,-45.1521,0,0,0,1
106,106000,0.5443,-0.3776,-0.1614,0.0053,84.9824,-18.8762,-66.6973,0,0,0,1
107,107000,0.5682,-0.2197,-0.3220,0.0265,72.3259,9.3800,-81.9832,0,0,0,1
108,108000,0.5159,-0.0681,-0.4452,0.0027,52.7382,36.1280,-89.3426,0,0,0,1
109,109000,0.4295,0.1056,-0.5506,-0.0156,27.6651,60.2140,-88.1670,0,0,0,1
110,110000,0.2846,0.2968,-0.5582,0.0232,-0.1762,77.4391,-77.6863,0,0,0,1
111,111000,0.1258,0.4210,-0.5396,0.0072,-28.0006,87.8075,-59.7742,0,0,0,1
112,112000,-0.0453,0.5202,-0.4509,0.0241,-52.9665,89.4211,-36.1289,0,0,0,1
113,113000,-0.2383,0.5671,-0.3417,-0.0130,-72.9211,81.7417,-9.7698,0,0,0,1
114,114000,-0.3926,0.5560,-0.1824,-0.0190,-85.4632,66.5578,18.8594,0,0,0,1
115,115000,-0.4842,0.4952,0.0081,0.0192,-89.8559,45.2880,45.0196,0,0,0,1
116,116000,-0.5488,0.3764,0.1790,0.0066,-85.0293,18.7135,67.1121,0,0,0,1
117,117000,-0.5533,0.2206,0.3395,0.0068,-73.0465,-9.5610,82.1119,0,0,0,1
118,118000,-0.5228,0.0645,0.4702,0.0119,-53.1291,-36.3515,89.3230,0,0,0,1
119,119000,-0.4206,-0.1306,0.5330,-0.0182,-28.1311,-60.1588,87.6278,0,0,0,1
120,120000,-0.2944,-0.2733,0.5784,0.0107,0.4149,-77.7142,78.2304,0,0,0,1
121,121000,-0.1127,-0.4334,0.5372,-0.0090,27.5472,-87.6218,60.2338,0,0,0,1
122,122000,0.0709,-0.5144,0.4574,0.0139,52.5056,-89.2016,36.1638,0,0,0,1
123,123000,0.2258,-0.5578,0.3277,-0.0043,72.5118,-81.7284,9.5621,0,0,0,1
124,124000,0.3725,-0.5445,0.1735,0.0016,85.8186,-66.7003,-18.8401,0,0,0,1
125,125000,0.4849,-0.4926,0.0138,0.0061,90.2369,-44.8942,-44.7657,0,0,0,1
126,126000,0.5545,-0.3874,-0.1676,-0.0004,85.3409,-18.7977,-66.6326,0,0,0,1
127,127000,0.5699,-0.2287,-0.3343,0.0070,72.3953,9.7723,-81.8717,0,0,0,1
128,128000,0.5061,-0.0561,-0.4673,-0.0173,53.2167,36.2967,-89.2769,0,0,0,1
129,129000,0.4219,0.1315,-0.5391,0.0143,27.3889,60.4686,-88.1955,0,0,0,1
130,130000,0.2922,0.2890,-0.5721,0.0091,-0.0015,77.7897,-77.4811,0,0,0,1
131,131000,0.1312,0.4218,-0.5261,0.0270,-27.9844,87.7474,-60.0903,0,0,0,1
132,132000,-0.0484,0.5105,-0.4601,0.0020,-52.4648,89.5831,-36.1409,0,0,0,1
133,133000,-0.2299,0.5564,-0.3300,-0.0035,-72.3737,81.8688,-8.9401,0,0,0,1
134,134000,-0.3788,0.5544,-0.1733,0.0023,-85.7344,66.6062,18.7125,0,0,0,1
135,135000,-0.4912,0.4811,0.0020,-0.0080,-89.9747,45.0847,44.6680,0,0,0,1
136,136000,-0.5455,0.3854,0.1836,0.0235,-85.8287,18.8578,66.6430,0,0,0,1
137,137000,-0.5580,0.2437,0.3194,0.0051,-72.3735,-9.3924,82.0518,0,0,0,1
138,138000,-0.5142,0.0697,0.4584,0.0139,-52.4597,-36.5845,89.2839,0,0,0,1
139,139000,-0.4141,-0.1132,0.5371,0.0098,-27.8351,-60.4081,88.2734,0,0,0,1
140,140000,-0.2874,-0.2786,0.5757,0.0096,0.1731,-77.4658,78.1045,0,0,0,1
141,141000,-0.1210,-0.4142,0.5485,0.0133,27.5896,-87.6190,59.6809,0,0,0,1
142,142000,0.0469,-0.5049,0.4646,0.0067,52.9095,-88.8758,36.4716,0,0,0,1
143,143000,0.2187,-0.5520,0.3380,0.0047,72.7817,-82.1003,9.7505,0,0,0,1
144,144000,0.3657,-0.5592,0.1648,-0.0287,85.6848,-66.8577,-18.6455,0,0,0,1
145,145000,0.4918,-0.4992,0.0105,0.0030,90.0773,-45.2855,-44.7998,0,0,0,1
146,146000,0.5460,-0.3886,-0.1818,-0.0244,85.7896,-18.7084,-66.9650,0,0,0,1
147,147000,0.5487,-0.2187,-0.3422,-0.0122,72.9352,9.5477,-82.1021,0,0,0,1
148,148000,0.5124,-0.0552,-0.4647,-0.0075,52.8704,36.4629,-89.0125,0,0,0,1
149,149000,0.4119,0.1171,-0.5360,-0.0069,27.6507,59.8617,-87.7848,0,0,0,1
150,150000,0.2968,0.2964,-0.5721,0.0211,-0.1839,77.9239,-77.7225,0,0,0,1
151,151000,0.1229,0.4076,-0.5381,-0.0076,-27.5345,87.9475,-59.7347,0,0,0,1
152,152000,-0.0652,0.5198,-0.4538,0.0008,-52.5233,89.1900,-36.4223,0,0,0,1
153,153000,-0.2251,0.5671,-0.3289,0.0132,-72.4631,82.3536,-9.0259,0,0,0,1
154,154000,-0.3744,0.5517,-0.1682,0.0090,-85.5904,66.8167,18.3054,0,0,0,1
155,155000,-0.4957,0.4807,0.0011,-0.0139,-89.5923,44.5769,45.3308,0,0,0,1
156,156000,-0.5525,0.3879,0.1840,0.0194,-85.0474,18.4552,66.7290,0,0,0,1
157,157000,-0.5539,0.2255,0.3456,0.0172,-72.4401,-9.7338,81.7271,0,0,0,1
158,158000,-0.5036,0.0655,0.4709,0.0328,-52.4683,-36.0998,89.5962,0,0,0,1
159,159000,-0.4242,-0.1314,0.5367,-0.0188,-27.4932,-60.0649,88.0072,0,0,0,1
160,160000,-0.2780,-0.2737,0.5546,0.0029,0.0759,-77.3863,77.5427,0,0,0,1
161,161000,-0.1310,-0.4186,0.5301,-0.0196,28.0993,-87.4790,59.7054,0,0,0,1
162,162000,0.0683,-0.5224,0.4475,-0.0066,53.1594,-89.4050,36.9317,0,0,0,1
163,163000,0.2246,-0.5740,0.3222,-0.0272,72.6549,-81.7019,9.3465,0,0,0,1
164,164000,0.3833,-0.5407,0.1817,0.0243,85.6372,-66.8179,-18.9838,0,0,0,1
165,165000,0.4875,-0.4902,0.0128,0.0101,89.4545,-44.9898,-45.3270,0,0,0,1
166,166000,0.5497,-0.3658,-0.1861,-0.0023,85.3679,-18.3543,-66.5785,0,0,0,1
167,167000,0.5638,-0.2341,-0.3413,-0.0115,73.0907,9.2967,-82.3891,0,0,0,1
168,168000,0.5266,-0.0545,-0.4549,0.0172,52.7510,36.6582,-89.7525,0,0,0,1
169,169000,0.4285,0.1070,-0.5502,-0.0147,27.5239,60.1557,-87.6138,0,0,0,1
170,170000,0.2746,0.2933,-0.5757,-0.0078,-0.2551,77.6278,-77.4220,0,0,0,1
171,171000,0.1036,0.4103,-0.5451,-0.0312,-27.4323,87.5196,-60.3901,0,0,0,1
172,172000,-0.0546,0.5031,-0.4651,-0.0166,-53.2176,89.5831,-36.6892,0,0,0,1
173,173000,-0.2393,0.5694,-0.3256,0.0046,-73.0636,82.0732,-9.4095,0,0,0,1
174,174000,-0.3707,0.5423,-0.1622,0.0094,-85.4069,66.7487,18.2634,0,0,0,1
175,175000,-0.4819,0.4905,0.0131,0.0217,-89.4850,44.8696,44.5129,0,0,0,1
176,176000,-0.5539,0.3838,0.1864,0.0163,-85.5071,18.6648,66.3622,0,0,0,1
177,177000,-0.5744,0.2178,0.3363,-0.0204,-72.5643,-9.5903,82.0932,0,0,0,1
178,178000,-0.5217,0.0600,0.4606,-0.0011,-52.3475,-36.5725,88.9626,0,0,0,1
179,179000,-0.4147,-0.1133,0.5442,0.0162,-27.4374,-59.8561,87.5960,0,0,0,1
180,180000,-0.2842,-0.2874,0.5633,-0.0083,-0.2439,-77.8235,77.4181,0,0,0,1
181,181000,-0.1197,-0.4239,0.5500,0.0063,27.9025,-88.1639,59.7089,0,0,0,1
182,182000,0.0685,-0.5282,0.4665,0.0068,52.4264,-89.1081,36.5815,0,0,0,1
183,183000,0.2325,-0.5674,0.3284,-0.0065,72.7169,-82.3890,9.5367,0,0,0,1
184,184000,0.3856,-0.5471,0.1776,0.0162,85.7494,-66.3246,-18.8068,0,0,0,1
185,185000,0.4921,-0.4855,-0.0111,-0.0044,89.5566,-45.1550,-44.5971,0,0,0,1
186,186000,0.5496,-0.3764,-0.1650,0.0081,85.6546,-18.3976,-66.3191,0,0,0,1
187,187000,0.5716,-0.2260,-0.3204,0.0252,72.7636,8.9627,-81.7538,0,0,0,1
188,188000,0.5102,-0.0534,-0.4622,-0.0054,52.5047,36.3593,-89.7662,0,0,0,1
189,189000,0.4308,0.1148,-0.5342,0.0114,27.8138,59.7761,-88.2735,0,0,0,1
190,190000,0.2898,0.2806,-0.5694,0.0010,-0.2559,77.6388,-77.5827,0,0,0,1
191,191000,0.1254,0.4086,-0.5477,-0.0136,-27.6935,87.4501,-59.9919,0,0,0,1
192,192000,-0.0542,0.5214,-0.4593,0.0079,-52.9964,89.3097,-36.7346,0,0,0,1
193,193000,-0.2229,0.5606,-0.3275,0.0103,-73.0084,81.8551,-9.4002,0,0,0,1
194,194000,-0.3738,0.5504,-0.1887,-0.0122,-85.8271,66.8345,18.4952,0,0,0,1
195,195000,-0.4981,0.4830,-0.0139,-0.0290,-90.1404,44.7529,45.1292,0,0,0,1
196,196000,-0.5625,0.3843,0.1842,0.0060,-85.5264,18.6737,67.0203,0,0,0,1
197,197000,-0.5747,0.2171,0.3444,-0.0131,-72.3366,-9.8204,82.3750,0,0,0,1
198,198000,-0.5146,0.0651,0.4468,-0.0028,-52.7258,-36.6048,88.8923,0,0,0,1
199,199000,-0.4253,-0.1143,0.5499,0.0103,-27.4836,-59.7995,87.4820,0,0,0,1
200,200000,-0.2731,-0.2803,0.5627,0.0093,-0.2305,-77.7602,77.6113,0,0,0,1
201,201000,-0.1222,-0.4298,0.5271,-0.0248,27.6043,-87.8425,60.1067,0,0,0,1
202,202000,0.0706,-0.5103,0.4666,0.0268,52.6564,-89.0361,36.2940,0,0,0,1
203,203000,0.2201,-0.5597,0.3369,-0.0027,72.3897,-81.8160,9.0982,0,0,0,1
204,204000,0.3862,-0.5461,0.1734,0.0135,85.4135,-66.5119,-18.2926,0,0,0,1
205,205000,0.4917,-0.4864,0.0036,0.0089,89.9361,-44.5802,-45.2208,0,0,0,1
206,206000,0.5411,-0.3841,-0.1874,-0.0303,85.3669,-18.8759,-66.7387,0,0,0,1
207,207000,0.5572,-0.2426,-0.3445,-0.0299,72.6184,9.6861,-81.7226,0,0,0,1
208,208000,0.5268,-0.0589,-0.4561,0.0118,52.8950,36.4974,-89.0605,0,0,0,1
209,209000,0.4316,0.1264,-0.5430,0.0149,27.7091,60.2341,-87.8738,0,0,0,1
210,210000,0.2730,0.2716,-0.5701,-0.0255,-0.3935,78.1402,-77.5893,0,0,0,1
211,211000,0.1177,0.4133,-0.5397,-0.0087,-28.0483,87.7961,-60.0773,0,0,0,1
212,212000,-0.0688,0.5106,-0.4622,-0.0204,-52.9059,89.2407,-36.4430,0,0,0,1
213,213000,-0.2219,0.5503,-0.3275,0.0009,-72.5293,81.6855,-9.5821,0,0,0,1
214,214000,-0.3722,0.5648,-0.1795,0.0131,-85.2782,67.0805,18.7478,0,0,0,1
215,215000,-0.5000,0.5031,-0.0031,0.0000,-89.9495,45.0856,44.9927,0,0,0,1
216,216000,-0.5409,0.3750,0.1837,0.0178,-85.5898,18.9355,66.8981,0,0,0,1
217,217000,-0.5533,0.2353,0.3366,0.0187,-72.4471,-9.3645,81.9809,0,0,0,1
218,218000,-0.5207,0.0501,0.4703,-0.0003,-52.9151,-36.7876,89.3103,0,0,0,1
219,219000,-0.4281,-0.1296,0.5267,-0.0310,-28.0798,-59.7884,88.0952,0,0,0,1
220,220000,-0.2734,-0.2959,0.5732,0.0039,0.3446,-77.9284,77.4504,0,0,0,1
221,221000,-0.1211,-0.4110,0.5467,0.0146,27.4509,-87.6085,59.7973,0,0,0,1
222,222000,0.0574,-0.5118,0.4561,0.0016,52.7116,-89.5583,36.3377,0,0,0,1
223,223000,0.2371,-0.5616,0.3412,0.0167,72.6157,-82.2209,9.3604,0,0,0,1
224,224000,0.3880,-0.5407,0.1737,0.0210,85.3001,-66.3102,-18.8695,0,0,0,1
225,225000,0.4866,-0.4767,0.0085,0.0184,89.8393,-44.6227,-45.2321,0,0,0,1
226,226000,0.5463,-0.3679,-0.1860,-0.0077,85.5456,-18.6245,-66.4346,0,0,0,1
227,227000,0.5725,-0.2226,-0.3210,0.0288,72.4685,9.1841,-82.3665,0,0,0,1
228,228000,0.5150,-0.0670,-0.4619,-0.0139,53.1927,36.4870,-89.7477,0,0,0,1
229,229000,0.4078,0.1101,-0.5415,-0.0236,27.7560,60.5419,-88.2757,0,0,0,1
230,230000,0.2950,0.2871,-0.5759,0.0062,0.3046,78.0434,-77.9732,0,0,0,1
231,231000,0.1269,0.4102,-0.5395,-0.0023,-27.5781,88.0366,-60.5421,0,0,0,1
232,232000,-0.0710,0.5263,-0.4512,0.0040,-53.0109,89.3664,-36.5060,0,0,0,1
233,233000,-0.2411,0.5570,-0.3348,-0.0189,-72.8519,81.6436,-9.1242,0,0,0,1
234,234000,-0.3797,0.5648,-0.1885,-0.0034,-85.7683,66.8322,18.6873,0,0,0,1
235,235000,-0.4972,0.4879,-0.0073,-0.0166,-90.1347,45.0104,44.8324,0,0,0,1
236,236000,-0.5487,0.3919,0.1755,0.0188,-85.7910,18.2852,66.7519,0,0,0,1
237,237000,-0.5488,0.2270,0.3363,0.0146,-72.6129,-9.4150,82.4818,0,0,0,1
238,238000,-0.5237,0.0673,0.4642,0.0078,-53.2262,-36.6703,89.4378,0,0,0,1
239,239000,-0.4127,-0.1223,0.5393,0.0042,-27.5430,-60.5070,88.1335,0,0,0,1
240,240000,-0.2920,-0.2838,0.5694,-0.0065,0.2507,-77.6063,78.0615,0,0,0,1
241,241000,-0.1300,-0.4216,0.5251,-0.0265,28.0023,-88.0375,59.8278,0,0,0,1
242,242000,0.0462,-0.5163,0.4589,-0.0113,53.1809,-88.8833,36.3093,0,0,0,1
243,243000,0.2372,-0.5666,0.3428,0.0135,72.3841,-81.7975,9.2372,0,0,0,1
244,244000,0.3679,-0.5423,0.1860,0.0116,85.3002,-66.5267,-18.7753,0,0,0,1
245,245000,0.5033,-0.4900,0.0005,0.0139,89.8112,-44.5262,-44.6368,0,0,0,1
246,246000,0.5597,-0.3756,-0.1735,0.0106,85.0406,-18.3840,-66.9059,0,0,0,1
247,247000,0.5507,-0.2356,-0.3346,-0.0194,72.8061,9.4804,-81.8793,0,0,0,1
248,248000,0.5126,-0.0487,-0.4436,0.0204,52.3807,36.3985,-89.5251,0,0,0,1
249,249000,0.4340,0.1056,-0.5419,-0.0023,28.1565,60.2212,-87.5815,0,0,0,1
250,250000,0.2879,0.2727,-0.5577,0.0029,0.4067,77.8784,-78.1996,0,0,0,1
251,251000,0.1054,0.4166,-0.5361,-0.0141,-27.5041,87.7467,-60.0033,0,0,0,1
252,252000,-0.0541,0.5132,-0.4556,0.0035,-52.3886,89.5589,-36.5044,0,0,0,1
253,253000,-0.2330,0.5555,-0.3258,-0.0033,-72.5272,81.7026,-9.3890,0,0,0,1
254,254000,-0.3817,0.5466,-0.1763,-0.0115,-85.3634,66.5300,19.1193,0,0,0,1
255,255000,-0.4960,0.4896,0.0100,0.0037,-89.4406,44.5684,44.8642,0,0,0,1
256,256000,-0.5420,0.3669,0.1846,0.0094,-85.4681,18.8369,66.5832,0,0,0,1
257,257000,-0.5669,0.2313,0.3424,0.0068,-73.0523,-9.0367,82.2400,0,0,0,1
258,258000,-0.5047,0.0674,0.4469,0.0097,-52.6680,-36.5230,89.0540,0,0,0,1
259,259000,-0.4306,-0.1310,0.5343,-0.0273,-27.4934,-60.0492,88.1247,0,0,0,1
260,260000,-0.2814,-0.2945,0.5798,0.0039,0.1005,-77.9530,77.9783,0,0,0,1
261,261000,-0.1169,-0.4112,0.5514,0.0232,27.9960,-88.2348,60.2256,0,0,0,1
262,262000,0.0577,-0.5212,0.4656,0.0021,52.9535,-88.9831,36.6565,0,0,0,1
263,263000,0.2211,-0.5645,0.3199,-0.0235,73.0803,-81.6809,9.0506,0,0,0,1
264,264000,0.3687,-0.5583,0.1705,-0.0192,85.1176,-66.5573,-18.2775,0,0,0,1
265,265000,0.5011,-0.4970,0.0014,0.0056,90.1253,-44.7860,-45.2440,0,0,0,1
266,266000,0.5477,-0.3784,-0.1623,0.0070,85.4489,-18.9711,-67.0559,0,0,0,1
267,267000,0.5671,-0.2271,-0.3307,0.0093,72.8597,9.6958,-81.7576,0,0,0,1
268,268000,0.5034,-0.0551,-0.4534,-0.0051,52.3835,36.5999,-89.0828,0,0,0,1
269,269000,0.4180,0.1176,-0.5439,-0.0084,27.8791,60.2119,-87.4418,0,0,0,1
270,270000,0.2824,0.2881,-0.5778,-0.0073,0.2737,77.5998,-78.1770,0,0,0,1
271,271000,0.1159,0.4120,-0.5433,-0.0154,-27.7684,87.9478,-59.9016,0,0,0,1
272,272000,-0.0525,0.5302,-0.4613,0.0164,-52.4677,88.9910,-36.4755,0,0,0,1
273,273000,-0.2352,0.5560,-0.3439,-0.0231,-72.6917,81.8233,-9.5766,0,0,0,1
274,274000,-0.3818,0.5462,-0.1844,-0.0200,-85.3152,67.0734,18.5185,0,0,0,1
275,275000,-0.4877,0.4973,0.0004,0.0101,-89.9828,44.9058,44.9062,0,0,0,1
276,276000,-0.5587,0.3911,0.1880,0.0204,-85.8470,18.6784,66.4894,0,0,0,1
277,277000,-0.5667,0.2299,0.3369,0.0001,-73.0652,-9.0448,82.0233,0,0,0,1
278,278000,-0.5157,0.0572,0.4641,0.0055,-52.4799,-36.1874,89.5596,0,0,0,1
279,279000,-0.4242,-0.1156,0.5395,-0.0003,-27.8435,-60.3720,87.4689,0,0,0,1
280,280000,-0.2827,-0.2891,0.5708,-0.0010,0.2375,-77.3425,77.4394,0,0,0,1
281,281000,-0.1042,-0.4120,0.5504,0.0342,27.6590,-87.9965,60.3267,0,0,0,1
282,282000,0.0506,-0.5168,0.4474,-0.0188,52.7999,-89.7310,36.3809,0,0,0,1
283,283000,0.2293,-0.5596,0.3276,-0.0026,72.6229,-82.0358,9.4897,0,0,0,1
284,284000,0.3690,-0.5466,0.1702,-0.0074,85.8594,-66.9256,-18.3787,0,0,0,1
285,285000,0.4908,-0.4956,-0.0037,-0.0085,90.0021,-44.6237,-44.7512,0,0,0,1
286,286000,0.5669,-0.3701,-0.1695,0.0273,85.4940,-18.4711,-67.1704,0,0,0,1
287,287000,0.5619,-0.2221,-0.3303,0.0095,73.0811,9.6362,-81.8509,0,0,0,1
288,288000,0.5191,-0.0555,-0.4480,0.0157,52.4958,36.6384,-89.6390,0,0,0,1
289,289000,0.4255,0.1303,-0.5516,0.0042,27.3335,59.7473,-88.0193,0,0,0,1
290,290000,0.2730,0.2803,-0.5538,-0.0005,0.1711,78.0287,-77.4469,0,0,0,1
291,291000,0.1243,0.4101,-0.5429,-0.0085,-28.1474,87.5891,-59.9520,0,0,0,1
292,292000,-0.0584,0.5075,-0.4621,-0.0130,-52.9590,89.6928,-36.6618,0,0,0,1
293,293000,-0.2224,0.5666,-0.3294,0.0149,-72.4631,82.2234,-9.6646,0,0,0,1
294,294000,-0.3857,0.5455,-0.1805,-0.0207,-85.3666,67.1700,18.4840,0,0,0,1
295,295000,-0.4982,0.4847,0.0123,-0.0012,-89.6305,44.7715,45.1726,0,0,0,1
296,296000,-0.5597,0.3835,0.1884,0.0122,-85.7584,18.5655,67.0312,0,0,0,1
297,297000,-0.5497,0.2242,0.3386,0.0130,-72.3880,-9.5789,81.9118,0,0,0,1
298,298000,-0.5184,0.0585,0.4587,-0.0011,-53.0105,-36.7985,89.7115,0,0,0,1
299,299000,-0.4148,-0.1143,0.5307,0.0015,-28.0800,-60.0197,88.0045,0,0,0,1
300,300000,-0.2820,-2.5582,5.0973,2.2571,0.1239,-19.5233,19.0867,0,0,0,1
301,301000,-0.1100,-3.7821,4.8394,0.9474,25.9221,-21.5776,15.4152,0,0,0,1
302,302000,0.0698,-4.6595,4.1138,-0.4759,50.1319,-21.9140,9.2638,1,0,0,1
303,303000,0.2416,-5.0612,2.9988,-1.8207,68.6598,-20.4809,2.7392,1,0,0,1
304,304000,0.3902,-4.9691,1.5851,-2.9938,80.8560,-16.9775,-4.2218,1,0,0,1
305,305000,0.4870,-4.3967,0.0121,-3.8977,85.3197,-10.8118,-10.8885,1,0,0,1
306,306000,0.5394,-3.4178,-1.5794,-4.4577,81.2089,-4.2346,-16.2470,1,0,0,1
307,307000,0.5638,-2.0584,-2.9934,-4.4880,69.0230,2.6623,-20.7883,1,0,0,1
308,308000,0.5058,-0.5333,-4.1277,-4.1552,49.8490,8.9147,-22.1181,1,0,0,1
309,309000,0.4286,1.0658,-4.8319,-3.3375,26.4274,14.7330,-21.6064,1,0,0,1
310,310000,0.2921,2.5339,-5.1001,-2.2741,0.0137,19.5975,-19.7682,1,0,0,1
311,311000,0.1126,3.7767,-4.8348,-0.9455,-26.5928,21.7254,-14.6166,1,0,0,1
312,312000,-0.0647,4.6372,-4.1134,0.4591,-49.9519,22.4687,-9.5260,1,0,0,1
313,313000,-0.2409,5.0606,-2.9813,1.8384,-69.2020,20.5147,-2.1642,1,0,0,1
314,314000,-0.3839,4.9917,-1.5700,3.0378,-81.4915,16.5022,4.4161,1,0,0,1
315,315000,-0.5003,4.4161,-0.0024,3.9134,-85.6354,11.3218,11.2710,1,0,0,1
316,316000,-0.5541,3.4113,1.5661,4.4233,-81.1141,4.4155,16.9151,1,0,0,1
317,317000,-0.5520,2.0693,2.9806,4.4978,-69.4040,-2.1640,20.5701,1,0,0,1
318,318000,-0.5292,0.5323,4.1089,4.1121,-50.1093,-9.0674,22.1763,1,0,0,1
319,319000,-0.4198,-1.0668,4.8304,3.3438,-26.7112,-14.9497,21.9723,1,0,0,1
320,320000,-0.2741,-2.5452,5.0787,2.2593,-0.0418,-19.4842,19.4116,1,0,0,1
321,321000,-0.1089,-3.7864,4.8489,0.9536,26.5671,-21.6788,15.0948,1,0,0,1
322,322000,0.0463,-4.6634,4.1311,-0.4859,50.0125,-21.8869,8.7456,1,0,1,1
323,323000,0.2424,-5.0659,3.0000,-1.8235,68.6079,-20.2709,2.7767,1,0,1,1
324,324000,0.3826,-4.9660,1.5837,-2.9996,81.0763,-16.7919,-4.3030,1,0,1,1
325,325000,0.4864,-4.4045,0.0043,-3.9138,85.4880,-11.1915,-11.3636,1,0,1,1
326,326000,0.5442,-3.4058,-1.5811,-4.4427,81.1813,-4.4637,-17.1323,1,0,1,1
327,327000,0.5491,-2.0659,-2.9916,-4.5084,68.8474,2.3870,-20.2220,1,0,1,1
328,328000,0.5096,-0.5385,-4.1125,-4.1414,50.0140,9.5256,-22.6784,1,0,1,1
329,329000,0.4291,1.0660,-4.8557,-3.3605,26.2940,15.3691,-22.2270,1,0,1,1
330,330000,0.2716,2.5484,-5.1039,-2.2840,-0.4189,19.6280,-19.2294,1,0,1,1
331,331000,0.1148,3.7755,-4.8545,-0.9642,-26.6051,22.2897,-15.0209,1,0,1,1
332,332000,-0.0651,4.6576,-4.1161,0.4764,-49.8685,22.1680,-8.9778,1,0,1,1
333,333000,-0.2352,5.0532,-3.0004,1.8176,-69.2065,20.6563,-2.5262,1,0,1,1
334,334000,-0.3909,4.9907,-1.5697,3.0300,-80.7450,17.0560,4.6030,1,0,1,1
335,335000,-0.4900,4.4216,0.0081,3.9396,-84.8997,11.3807,11.0640,1,0,1,1
336,336000,-0.5557,3.4032,1.5725,4.4200,-81.4629,4.8969,17.0001,1,0,1,1
337,337000,-0.5682,2.0794,2.9943,4.5055,-68.8420,-1.9745,20.9326,1,0,1,1
338,338000,-0.5152,0.5249,4.1230,4.1327,-50.4808,-9.3992,22.7099,1,0,1,1
339,339000,-0.4106,-1.0522,4.8354,3.3727,-26.7326,-15.3024,22.1190,1,0,1,1
340,340000,-0.2799,-2.5544,5.0975,2.2632,0.3356,-19.2104,19.4983,1,0,1,1
341,341000,-0.1182,-3.7882,4.8283,0.9219,26.6984,-21.5525,15.4171,1,0,1,1
342,342000,0.0722,-4.6369,4.1116,-0.4531,49.8084,-22.3496,9.2265,1,0,1,1
343,343000,0.2217,-5.0618,2.9891,-1.8509,69.4013,-20.2650,2.3773,1,0,1,1
344,344000,0.3745,-4.9796,1.5619,-3.0431,80.9337,-16.6888,-4.2361,1,0,1,1
345,345000,0.4890,-4.3974,-0.0024,-3.9108,85.6290,-11.3430,-11.1707,1,0,1,1
346,346000,0.5454,-3.4134,-1.5710,-4.4390,80.8298,-4.2779,-16.7603,1,0,1,1
347,347000,0.5528,-2.0742,-2.9925,-4.5139,68.8757,2.6465,-20.3736,1,0,1,1
348,348000,0.5220,-0.5231,-4.1148,-4.1159,49.9342,9.5517,-22.3391,1,0,1,1
349,349000,0.4110,1.0492,-4.8423,-3.3822,26.6315,15.2223,-21.5886,1,0,1,1
350,350000,0.2840,2.5331,-5.0814,-2.2642,0.1274,19.0267,-19.0456,1,0,1,1
351,351000,0.1224,3.7810,-4.8496,-0.9462,-26.1291,22.2706,-14.8384,1,0,1,1
352,352000,-0.0730,4.6474,-4.1141,0.4603,-50.1470,22.4365,-9.0281,1,0,1,1
353,353000,-0.2306,5.0493,-3.0063,1.8124,-69.0394,20.5588,-2.3206,1,0,1,1
354,354000,-0.3849,4.9663,-1.5683,3.0130,-80.7190,16.9676,4.9434,1,0,1,1
355,355000,-0.4783,4.3977,-0.0087,3.9106,-85.6768,10.9115,11.2506,1,0,1,1
356,356000,-0.5444,3.4037,1.5706,4.4299,-81.3568,4.5544,16.7447,1,0,1,1
357,357000,-0.5487,2.0760,2.9969,4.5241,-69.2747,-2.0346,20.8342,1,0,1,1
358,358000,-0.5094,0.5288,4.1063,4.1256,-50.5172,-9.0854,21.8901,1,0,1,1
359,359000,-0.4297,-1.0604,4.8439,3.3538,-26.3667,-14.7690,22.2845,1,0,1,1
360,360000,-0.2943,-2.5585,5.1016,2.2488,0.0253,-19.7046,19.7935,1,0,1,1
361,361000,-0.1183,-3.7955,4.8533,0.9395,25.9593,-21.5808,15.0815,1,0,1,1
362,362000,0.0459,-4.6563,4.1213,-0.4890,50.5372,-21.9162,9.3593,1,0,1,1
363,363000,0.2361,-5.0752,2.9852,-1.8540,68.9371,-20.8156,2.6476,1,0,1,1
364,364000,0.3754,-4.9847,1.5631,-3.0462,81.5040,-16.4567,-4.2297,1,0,1,1
365,365000,0.4962,-4.3957,-0.0018,-3.9012,85.3246,-11.6277,-10.9226,1,0,1,1
366,366000,0.5488,-3.3938,-1.5655,-4.4105,81.3895,-4.7612,-17.1088,1,0,1,1
367,367000,0.5562,-2.0710,-2.9800,-4.4949,69.4709,2.2175,-20.5736,1,0,1,1
368,368000,0.5219,-0.5439,-4.1104,-4.1324,50.2964,9.2393,-22.1392,1,0,1,1
369,369000,0.4086,1.0645,-4.8352,-3.3621,26.0560,15.1447,-22.1276,1,0,1,1
370,370000,0.2717,2.5402,-5.0977,-2.2858,-0.4444,19.3196,-19.7755,1,0,1,1
371,371000,0.1088,3.7850,-4.8554,-0.9616,-26.4125,21.8804,-15.1556,1,0,1,1
372,372000,-0.0706,4.6460,-4.1247,0.4507,-50.0641,22.2276,-9.2335,1,0,1,1
373,373000,-0.2418,5.0747,-2.9905,1.8424,-68.6682,20.9419,-2.6438,1,0,1,1
374,374000,-0.3819,4.9743,-1.5856,3.0068,-81.4722,16.6801,4.6097,1,0,1,1
375,375000,-0.4921,4.3971,-0.0072,3.8978,-85.3381,11.0038,11.3391,1,0,1,1
376,376000,-0.5507,3.3955,1.5860,4.4308,-81.4213,4.4929,16.5356,1,0,1,1
377,377000,-0.5592,2.0659,3.0014,4.5082,-68.7554,-2.4955,20.8353,1,0,1,1
378,378000,-0.5034,0.5271,4.1104,4.1341,-50.4789,-8.7310,22.1638,1,0,1,1
379,379000,-0.4072,-1.0644,4.8417,3.3701,-25.9455,-14.8493,22.0311,1,0,1,1
380,380000,-0.2901,-2.5366,5.0802,2.2535,-0.1113,-19.5416,19.5028,1,0,1,1
381,381000,-0.1150,-3.7783,4.8548,0.9615,26.4075,-21.9180,14.9900,1,0,1,1
382,382000,0.0059,-0.0059,0.0090,0.0090,52.7364,-89.1494,36.7964,0,0,1,0
383,383000,-0.0026,0.0038,0.0045,0.0057,72.6609,-82.2814,9.5815,0,0,1,0
384,384000,0.0082,0.0139,-0.0028,0.0192,85.0361,-66.7639,-18.6676,0,0,1,0
385,385000,0.0119,0.0012,-0.0040,0.0092,89.9868,-44.6462,-44.5521,0,0,1,0
386,386000,0.0010,-0.0117,0.0045,-0.0062,85.5429,-18.4320,-66.8755,0,0,1,0
387,387000,0.0042,0.0137,-0.0028,0.0150,72.2523,9.5476,-81.8228,0,0,1,0
388,388000,0.0132,-0.0138,0.0003,-0.0004,52.7293,36.3142,-89.3057,0,0,1,0
389,389000,0.0023,-0.0015,0.0077,0.0084,27.8218,59.9999,-87.7724,0,0,1,0
390,390000,0.0000,-0.0134,-0.0024,-0.0158,-0.1392,77.4266,-77.3670,0,0,1,0
391,391000,-0.0109,-0.0101,-0.0013,-0.0223,-27.3585,87.6830,-60.3610,0,0,1,0
392,392000,-0.0005,-0.0017,-0.0051,-0.0074,-52.8131,89.4993,-36.7103,0,0,1,0
393,393000,0.0088,0.0099,0.0050,0.0237,-73.0073,82.1826,-9.6896,0,0,1,0
394,394000,0.0137,-0.0092,0.0017,0.0062,-85.6488,66.4400,19.0853,0,0,1,0
395,395000,-0.0076,-0.0089,-0.0019,-0.0184,-89.8999,45.0335,44.4845,0,0,1,0
396,396000,0.0032,0.0026,0.0058,0.0116,-85.6906,18.5737,66.4810,0,0,1,0
397,397000,0.0071,-0.0124,0.0105,0.0053,-72.3843,-9.7459,81.7686,0,0,1,0
398,398000,-0.0049,-0.0067,0.0008,-0.0109,-52.8298,-36.2052,89.4475,0,0,1,0
399,399000,0.0027,0.0025,0.0098,0.0150,-27.6543,-60.2343,87.9574,0,0,1,0
400,400000,0.0089,-0.0057,-0.0117,-0.0086,0.1850,-77.6789,77.4530,0,0,1,0
401,401000,-0.0108,-0.0090,0.0003,-0.0195,27.5794,-87.6782,60.0243,0,0,1,0
402,402000,-0.0102,-0.0089,0.0055,-0.0137,52.6873,-89.2009,36.6614,0,0,0,0
403,403000,0.0141,-0.0003,-0.0052,0.0086,72.7109,-82.3728,9.3442,0,0,0,0
404,404000,-0.0126,-0.0139,0.0089,-0.0176,85.2922,-67.0717,-18.2569,0,0,0,0
405,405000,0.0002,0.0052,0.0096,0.0150,89.8101,-44.9831,-44.9175,0,0,0,0
406,406000,-0.0118,0.0074,-0.0064,-0.0108,84.9974,-18.8602,-66.7115,0,0,0,0
407,407000,-0.0094,0.0069,0.0014,-0.0011,72.6232,9.6270,-82.3971,0,0,0,0
408,408000,-0.0109,0.0091,0.0091,0.0074,53.0388,36.4113,-89.7343,0,0,0,0
409,409000,0.0062,0.0139,0.0093,0.0294,27.7959,59.7406,-87.6262,0,0,0,0
410,410000,-0.0057,-0.0014,0.0090,0.0018,0.4485,77.6457,-77.8365,0,0,0,0
411,411000,0.0140,-0.0074,0.0025,0.0090,-27.5067,88.1310,-60.2319,0,0,0,0
412,412000,0.0060,-0.0094,-0.0083,-0.0118,-52.6725,88.9986,-36.7941,0,0,0,0
413,413000,-0.0125,-0.0062,-0.0050,-0.0236,-72.7955,82.0846,-9.2049,0,0,0,0
414,414000,-0.0060,0.0101,0.0051,0.0092,-85.6277,67.1813,18.3100,0,0,0,0
415,415000,0.0131,0.0118,0.0104,0.0353,-89.5580,45.3496,44.5722,0,0,0,0
416,416000,0.0104,0.0060,0.0074,0.0237,-85.6436,18.9685,66.9036,0,0,0,0
417,417000,-0.0003,-0.0065,-0.0014,-0.0082,-72.5920,-9.4652,82.1698,0,0,0,0
418,418000,0.0108,0.0004,0.0123,0.0235,-53.1572,-36.7301,89.2050,0,0,0,0
419,419000,0.0127,-0.0141,0.0066,0.0052,-27.9094,-59.8515,88.0594,0,0,0,0
420,420000,-0.0012,-0.0040,0.0010,-0.0042,0.1474,-78.1739,77.5283,0,0,0,0
421,421000,-0.0020,-0.0065,-0.0046,-0.0131,27.4954,-87.5571,60.1677,0,0,0,0
422,422000,0.0019,-0.0044,-0.0128,-0.0153,52.7785,-89.1587,36.1713,0,0,0,0
423,423000,0.0080,-0.0106,-0.0017,-0.0043,72.6253,-81.7285,8.9397,0,0,0,0
424,424000,0.0130,0.0053,0.0042,0.0225,85.1514,-67.0759,-18.9798,0,0,0,0
425,425000,0.0122,0.0044,-0.0036,0.0130,89.6117,-45.1315,-44.5446,0,0,0,0
426,426000,-0.0095,-0.0055,-0.0075,-0.0225,85.3257,-18.4944,-66.6056,0,0,0,0
427,427000,0.0058,-0.0007,-0.0077,-0.0026,72.2135,9.0583,-81.8881,0,0,0,0
428,428000,-0.0139,0.0090,-0.0022,-0.0071,52.9674,36.9693,-89.6530,0,0,0,0
429,429000,-0.0121,0.0065,-0.0053,-0.0109,27.6492,59.7406,-87.5098,0,0,0,0
430,430000,-0.0103,0.0072,0.0139,0.0108,0.2456,77.4523,-78.1025,0,0,0,0
431,431000,0.0009,0.0042,0.0063,0.0114,-28.1957,87.7982,-59.9827,0,0,0,0
432,432000,-0.0099,0.0053,-0.0117,-0.0163,-52.8710,89.6459,-36.8897,0,0,0,0
433,433000,0.0071,-0.0033,-0.0052,-0.0014,-72.5811,82.4658,-9.7117,0,0,0,0
434,434000,-0.0063,0.0015,0.0030,-0.0018,-85.7922,66.8351,18.9241,0,0,0,0
435,435000,0.0054,0.0045,0.0005,0.0104,-89.5022,44.7292,44.9159,0,0,0,0
436,436000,0.0070,-0.0126,0.0129,0.0073,-85.6024,19.0309,66.7407,0,0,0,0
437,437000,-0.0110,0.0027,0.0135,0.0052,-72.6619,-9.3628,82.4870,0,0,0,0
438,438000,0.0123,0.0102,-0.0038,0.0187,-53.1222,-36.4695,89.4869,0,0,0,0
439,439000,0.0074,0.0076,-0.0122,0.0028,-27.3461,-60.5318,87.6384,0,0,0,0
440,440000,-0.0130,0.0082,0.0036,-0.0012,-0.3948,-77.7758,77.7827,0,0,0,0
441,441000,-0.0024,-0.0118,0.0033,-0.0109,27.9355,-87.8191,59.8978,0,0,0,0
442,442000,-0.0054,-0.0084,0.0010,-0.0127,52.8019,-89.0459,36.4328,0,0,0,0
443,443000,0.0038,0.0051,0.0056,0.0145,72.9620,-82.4394,9.5947,0,0,0,0
444,444000,0.0098,-0.0117,-0.0013,-0.0032,85.0217,-66.8041,-18.5758,0,0,0,0
445,445000,-0.0054,0.0068,0.0059,0.0073,90.0317,-45.2491,-44.7263,0,0,0,0
446,446000,-0.0095,0.0007,0.0062,-0.0026,85.8257,-18.4193,-67.0444,0,0,0,0
447,447000,-0.0106,-0.0065,0.0077,-0.0094,72.9140,9.7352,-82.4724,0,0,0,0
448,448000,0.0087,-0.0123,0.0022,-0.0015,52.5869,36.7216,-89.7025,0,0,0,0
449,449000,-0.0013,-0.0000,-0.0037,-0.0050,27.6286,60.1578,-88.0719,0,0,0,0
450,450000,-0.0112,0.0063,0.0002,-0.0047,0.0664,77.5378,-78.1913,0,0,0,0
451,451000,0.0103,-0.0008,-0.0099,-0.0004,-27.9837,87.7469,-59.7105,0,0,0,0
452,452000,0.0101,0.0117,-0.0023,0.0195,-52.7442,89.5388,-36.6909,0,0,0,0
453,453000,-0.0024,-0.0065,-0.0036,-0.0124,-72.4637,81.6706,-9.3864,0,0,0,0
454,454000,0.0114,0.0086,0.0128,0.0328,-85.7068,67.1777,18.2863,0,0,0,0
455,455000,-0.0010,0.0098,0.0015,0.0103,-90.0101,44.7522,44.4654,0,0,0,0
456,456000,-0.0085,-0.0055,-0.0010,-0.0150,-85.3615,18.7837,66.8276,0,0,0,0
457,457000,-0.0002,-0.0086,0.0074,-0.0014,-72.4167,-9.0285,81.8208,0,0,0,0
458,458000,-0.0140,-0.0076,0.0096,-0.0119,-52.8725,-36.6688,89.6614,0,0,0,0
459,459000,0.0128,0.0044,0.0064,0.0236,-28.2020,-59.7843,87.4962,0,0,0,0
460,460000,0.0008,-0.0002,0.0141,0.0147,-0.2352,-78.1770,77.9718,0,0,0,0
461,461000,-0.0115,0.0112,0.0057,0.0054,28.1326,-87.8342,59.9832,0,0,0,0
462,462000,0.0134,-0.0114,0.0090,0.0110,52.4189,-89.6518,36.1490,0,0,0,0
463,463000,0.0019,0.0131,-0.0068,0.0083,72.6032,-82.2862,9.2220,0,0,0,0
464,464000,0.0085,0.0067,-0.0065,0.0087,85.5991,-66.9087,-19.0555,0,0,0,0
465,465000,-0.0084,0.0024,-0.0095,-0.0155,90.0660,-45.2168,-44.9378,0,0,0,0
466,466000,-0.0026,0.0131,-0.0054,0.0051,85.4510,-18.9361,-66.9563,0,0,0,0
467,467000,-0.0108,0.0053,0.0056,0.0001,72.3540,9.6813,-82.4626,0,0,0,0
468,468000,0.0095,-0.0116,-0.0041,-0.0061,52.6370,36.3048,-89.3105,0,0,0,0
469,469000,0.0050,0.0139,-0.0027,0.0162,27.5388,59.6766,-87.8949,0,0,0,0
470,470000,0.0070,-0.0011,-0.0102,-0.0042,-0.2247,78.0547,-78.2201,0,0,0,0
471,471000,0.0093,-0.0104,-0.0036,-0.0047,-27.3208,88.1427,-59.9807,0,0,0,0
472,472000,0.0041,-0.0068,-0.0135,-0.0163,-52.7178,89.6035,-36.9221,0,0,0,0
473,473000,0.0114,-0.0105,0.0093,0.0102,-72.7124,82.4136,-9.5395,0,0,0,0
474,474000,-0.0129,-0.0094,0.0091,-0.0132,-85.4538,66.8116,18.5792,0,0,0,0
475,475000,-0.0133,-0.0093,-0.0088,-0.0314,-89.6501,44.6511,44.7096,0,0,0,0
476,476000,0.0108,0.0034,-0.0058,0.0084,-85.8367,18.4452,66.6662,0,0,0,0
477,477000,0.0014,-0.0062,-0.0085,-0.0133,-73.0559,-9.7140,82.3952,0,0,0,0
478,478000,0.0007,0.0085,0.0138,0.0231,-52.6743,-36.2661,89.5758,0,0,0,0
479,479000,-0.0040,-0.0004,0.0001,-0.0044,-27.7143,-59.7271,87.7517,0,0,0,0
480,480000,-0.0091,-0.0079,0.0079,-0.0091,-0.1627,-77.4263,77.3853,0,0,0,0
481,481000,0.0139,0.0075,0.0134,0.0349,27.7807,-87.4032,59.7386,0,0,0,0
482,482000,0.0044,0.0089,-0.0126,0.0008,52.5820,-88.9478,36.9767,0,0,0,0
483,483000,-0.0079,0.0084,0.0096,0.0101,72.9728,-82.1801,9.6982,0,0,0,0
484,484000,-0.0092,0.0087,0.0117,0.0112,85.5019,-66.5678,-19.0972,0,0,0,0
485,485000,0.0057,0.0018,-0.0088,-0.0013,90.2166,-44.8506,-44.4690,0,0,0,0
486,486000,0.0108,-0.0054,-0.0116,-0.0062,85.4118,-18.6821,-66.9854,0,0,0,0
487,487000,-0.0080,-0.0141,-0.0084,-0.0305,72.6853,9.7635,-82.3816,0,0,0,0
488,488000,0.0061,0.0097,-0.0135,0.0024,53.1678,36.3725,-89.2448,0,0,0,0
489,489000,0.0118,0.0098,0.0130,0.0346,28.0007,60.4216,-87.9655,0,0,0,0
490,490000,0.0125,-0.0113,-0.0103,-0.0091,-0.0938,77.6037,-78.0894,0,0,0,0
491,491000,0.0127,0.0130,-0.0092,0.0165,-27.4921,87.9859,-59.6767,0,0,0,0
492,492000,0.0055,0.0081,0.0025,0.0161,-52.4065,89.0740,-36.8225,0,0,0,0
493,493000,-0.0055,-0.0105,0.0127,-0.0033,-72.4923,82.2553,-8.9852,0,0,0,0
494,494000,-0.0031,0.0132,0.0029,0.0130,-84.9748,66.3253,19.0517,0,0,0,0
495,495000,0.0132,0.0019,-0.0102,0.0049,-90.0653,45.2995,45.1277,0,0,0,0
496,496000,-0.0074,-0.0094,-0.0116,-0.0284,-84.9855,19.0196,66.9330,0,0,0,0
497,497000,0.0039,-0.0015,-0.0071,-0.0047,-72.3143,-9.5991,81.6616,0,0,0,0
498,498000,-0.0069,-0.0141,0.0066,-0.0144,-53.1438,-36.6333,89.7439,0,0,0,0
499,499000,0.0109,-0.0034,-0.0113,-0.0038,-27.7605,-60.0564,87.8335,0,0,0,0
500,500000,0.0103,0.0053,-0.0121,0.0035,0.1356,-78.0847,78.0923,0,0,0,0
501,501000,-0.0058,0.0128,-0.0093,-0.0024,27.5914,-88.2344,59.9859,0,0,0,0
502,502000,0.0066,0.0113,0.0027,0.0205,52.8340,-89.6881,36.6330,0,0,0,0
503,503000,-0.0005,0.0125,0.0110,0.0230,72.2403,-82.3506,9.0802,0,0,0,0
504,504000,-0.0113,-0.0088,0.0063,-0.0138,85.1543,-66.5682,-18.4670,0,0,0,0
505,505000,-0.0066,-0.0074,0.0020,-0.0120,89.6184,-45.3118,-44.6021,0,0,0,0
506,506000,-0.0098,-0.0020,0.0046,-0.0073,85.2938,-18.8580,-66.6553,0,0,0,0
507,507000,-0.0085,-0.0093,-0.0118,-0.0296,72.2356,9.2012,-81.7410,0,0,0,0
508,508000,-0.0054,-0.0003,-0.0116,-0.0173,52.6996,36.6755,-89.2830,0,0,0,0
509,509000,-0.0089,-0.0037,-0.0067,-0.0193,28.1005,60.0490,-87.8833,0,0,0,0
510,510000,-0.0077,-0.0124,0.0047,-0.0154,-0.2079,78.0083,-78.1538,0,0,0,0
511,511000,-0.0044,0.0133,0.0015,0.0104,-27.7170,87.9325,-59.7916,0,0,0,0
512,512000,0.0090,0.0010,-0.0007,0.0093,-52.8648,89.6521,-36.1881,0,0,0,0
513,513000,-0.0007,0.0114,0.0001,0.0108,-73.0397,82.2422,-9.0285,0,0,0,0
514,514000,0.0085,0.0034,0.0073,0.0192,-85.2593,66.4042,18.3797,0,0,0,0
515,515000,0.0137,0.0087,-0.0022,0.0203,-89.3906,44.5716,45.3459,0,0,0,0
516,516000,-0.0018,0.0036,-0.0068,-0.0051,-84.9722,18.9736,67.1142,0,0,0,0
517,517000,0.0117,-0.0032,-0.0049,0.0036,-73.0504,-9.4804,81.8487,0,0,0,0
518,518000,-0.0012,0.0081,0.0006,0.0076,-52.4563,-36.4204,89.2504,0,0,0,0
519,519000,-0.0024,0.0025,0.0124,0.0125,-28.0702,-59.8657,88.2336,0,0,0,0
520,520000,0.0018,-0.0061,-0.0044,-0.0087,-0.3584,-77.7497,77.7017,0,0,0,0
521,521000,-0.0033,0.0031,-0.0064,-0.0066,27.7413,-88.2674,59.7778,0,0,0,0
522,522000,0.0031,-0.0130,-0.0048,-0.0147,52.9656,-88.9727,36.2952,0,0,0,0
523,523000,0.0070,0.0112,0.0090,0.0272,73.0395,-82.4806,9.2113,0,0,0,0
524,524000,-0.0062,0.0055,0.0104,0.0098,85.4113,-67.1061,-19.0019,0,0,0,0
525,525000,0.0134,0.0092,-0.0024,0.0203,89.7635,-45.1144,-44.7766,0,0,0,0
526,526000,-0.0088,0.0092,0.0073,0.0077,85.1596,-18.4571,-66.4155,0,0,0,0
527,527000,0.0091,-0.0096,0.0002,-0.0004,72.6753,9.2185,-82.3770,0,0,0,0
528,528000,0.0099,-0.0133,0.0094,0.0060,53.1324,36.2550,-89.0200,0,0,0,0
529,529000,-0.0071,0.0118,-0.0064,-0.0017,27.7151,60.2815,-87.5614,0,0,0,0
530,530000,0.0001,-0.0106,-0.0036,-0.0141,0.1216,77.3601,-77.6973,0,0,0,0
531,531000,-0.0091,0.0025,-0.0095,-0.0162,-27.4215,87.7170,-59.7434,0,0,0,0
532,532000,0.0070,-0.0061,-0.0095,-0.0086,-52.6221,89.2207,-36.4660,0,0,0,0
533,533000,0.0131,0.0042,-0.0065,0.0108,-72.3408,82.2093,-9.4695,0,0,0,0
534,534000,-0.0136,0.0076,0.0116,0.0056,-85.1670,66.3042,18.8059,0,0,0,0
535,535000,0.0029,-0.0070,-0.0055,-0.0096,-90.2561,45.1813,45.3268,0,0,0,0
536,536000,0.0040,-0.0035,-0.0070,-0.0065,-85.4872,18.5376,66.7154,0,0,0,0
537,537000,0.0050,-0.0029,0.0003,0.0024,-72.3703,-9.7454,82.1956,0,0,0,0
538,538000,0.0097,0.0042,-0.0057,0.0082,-52.9047,-36.4330,88.9706,0,0,0,0
539,539000,-0.0123,0.0040,-0.0068,-0.0151,-27.3156,-59.7730,88.0416,0,0,0,0
540,540000,0.0111,-0.0099,0.0113,0.0125,-0.1807,-77.5433,78.0561,0,0,0,0
541,541000,0.0086,0.0045,0.0063,0.0194,27.8441,-87.6896,60.2373,0,0,0,0
542,542000,0.0141,-0.0023,-0.0131,-0.0014,52.5756,-89.4230,36.7178,0,0,0,0
543,543000,0.0020,0.0064,0.0010,0.0094,72.3831,-82.2991,9.6441,0,0,0,0
544,544000,0.0115,0.0002,0.0096,0.0213,85.5731,-66.4350,-18.3354,0,0,0,0
545,545000,-0.0090,-0.0105,0.0087,-0.0108,89.4532,-45.1241,-44.6712,0,0,0,0
546,546000,-0.0090,-0.0046,-0.0041,-0.0177,85.5802,-19.0424,-66.5259,0,0,0,0
547,547000,-0.0055,-0.0048,-0.0058,-0.0161,72.9203,9.1731,-81.7343,0,0,0,0
548,548000,-0.0008,0.0024,-0.0121,-0.0106,53.1208,36.9299,-88.9728,0,0,0,0
549,549000,0.0000,-0.0033,-0.0126,-0.0159,28.0843,59.9166,-87.5338,0,0,0,0
550,550000,-0.0103,-0.0026,0.0115,-0.0013,-0.2692,77.8441,-77.8199,0,0,0,0
551,551000,-0.0052,0.0079,0.0037,0.0064,-27.5605,87.8408,-60.3880,0,0,0,0
552,552000,0.0038,-0.0064,-0.0094,-0.0120,-53.2366,89.5572,-36.2934,0,0,0,0
553,553000,-0.0003,-0.0117,0.0038,-0.0082,-72.4248,82.1526,-9.4750,0,0,0,0
554,554000,0.0132,-0.0131,-0.0036,-0.0035,-85.5236,66.4753,18.2371,0,0,0,0
555,555000,-0.0050,-0.0088,0.0036,-0.0102,-89.5153,45.0661,44.6817,0,0,0,0
556,556000,0.0055,-0.0105,0.0025,-0.0025,-85.5586,18.5689,66.4462,0,0,0,0
557,557000,0.0092,-0.0059,0.0027,0.0060,-72.8428,-9.1836,81.9041,0,0,0,0
558,558000,0.0110,-0.0044,-0.0040,0.0025,-52.3467,-36.1704,89.0428,0,0,0,0
559,559000,0.0127,-0.0027,0.0064,0.0164,-27.3786,-60.3416,87.5207,0,0,0,0
560,560000,0.0066,-0.0094,0.0043,0.0015,0.0806,-77.9016,77.3662,0,0,0,0
561,561000,0.0107,0.0010,0.0140,0.0256,27.5349,-88.2574,60.2432,0,0,0,0
562,562000,0.0043,0.0054,-0.0034,0.0063,52.3604,-89.3974,36.5734,0,0,0,0
563,563000,-0.0007,0.0055,-0.0056,-0.0008,72.3500,-81.9327,9.5334,0,0,0,0
564,564000,0.0046,0.0030,0.0094,0.0169,85.2122,-67.0712,-19.0284,0,0,0,0
565,565000,0.0062,-0.0109,-0.0085,-0.0133,89.4713,-45.2609,-45.1770,0,0,0,0
566,566000,-0.0067,-0.0084,-0.0058,-0.0209,85.4396,-18.4908,-67.1590,0,0,0,0
567,567000,-0.0001,0.0123,-0.0141,-0.0019,72.3990,9.2360,-81.8956,0,0,0,0
568,568000,0.0115,0.0048,-0.0116,0.0047,53.0928,36.2158,-89.3121,0,0,0,0
569,569000,0.0063,-0.0069,0.0138,0.0132,27.3961,59.8563,-88.0352,0,0,0,0
570,570000,-0.0010,-0.0092,-0.0059,-0.0161,-0.3594,77.3681,-77.5109,0,0,0,0
571,571000,-0.0053,-0.0115,-0.0128,-0.0296,-27.5400,88.0839,-59.7816,0,0,0,0
572,572000,0.0046,-0.0040,0.0034,0.0040,-53.0876,89.2667,-36.1910,0,0,0,0
573,573000,-0.0115,-0.0090,0.0131,-0.0074,-72.3787,81.9606,-9.5931,0,0,0,0
574,574000,-0.0032,0.0085,0.0084,0.0136,-85.1038,66.8790,18.3260,0,0,0,0
575,575000,0.0055,0.0125,-0.0024,0.0157,-90.2110,44.6014,44.9888,0,0,0,0
576,576000,0.0085,-0.0090,-0.0040,-0.0045,-85.2586,18.5655,66.3221,0,0,0,0
577,577000,0.0052,0.0134,0.0119,0.0305,-72.3575,-9.7199,81.7021,0,0,0,0
578,578000,-0.0025,-0.0067,0.0058,-0.0035,-53.1995,-36.6977,89.4824,0,0,0,0
579,579000,0.0076,0.0018,0.0048,0.0142,-27.6854,-59.6685,87.7067,0,0,0,0
580,580000,0.0007,-0.0114,-0.0071,-0.0179,0.1802,-77.6365,77.6432,0,0,0,0
581,581000,0.0050,0.0096,0.0138,0.0284,27.6508,-87.7996,59.6976,0,0,0,0
582,582000,0.0041,0.0099,0.0104,0.0244,52.4836,-89.0066,36.1491,0,0,0,0
583,583000,-0.0002,0.0133,-0.0078,0.0052,72.4288,-82.4536,9.5169,0,0,0,0
584,584000,-0.0027,-0.0012,-0.0015,-0.0054,85.1808,-66.4747,-18.3532,0,0,0,0
585,585000,-0.0015,-0.0001,-0.0112,-0.0128,89.4722,-44.7696,-44.9860,0,0,0,0
586,586000,0.0016,-0.0116,0.0034,-0.0066,84.9699,-18.5799,-66.9208,0,0,0,0
587,587000,0.0002,0.0049,-0.0039,0.0012,72.3983,9.7927,-82.4501,0,0,0,0
588,588000,-0.0078,0.0017,-0.0008,-0.0069,52.7508,36.6385,-89.1815,0,0,0,0
589,589000,0.0061,0.0073,-0.0045,0.0090,27.4076,59.8478,-87.5557,0,0,0,0
590,590000,0.0131,0.0006,-0.0128,0.0009,-0.1868,77.9633,-78.0834,0,0,0,0
591,591000,-0.0102,0.0063,0.0031,-0.0008,-27.5595,87.4990,-60.3783,0,0,0,0
592,592000,0.0122,-0.0012,0.0061,0.0171,-52.8879,89.5754,-36.8832,0,0,0,0
593,593000,-0.0024,0.0095,0.0077,0.0148,-72.2784,82.1295,-9.4326,0,0,0,0
594,594000,0.0045,-0.0103,0.0009,-0.0050,-85.0091,66.7442,18.2681,0,0,0,0
595,595000,0.0123,-0.0005,0.0119,0.0237,-89.5103,44.9148,44.6174,0,0,0,0
596,596000,0.0022,-0.0105,0.0028,-0.0054,-85.2118,18.5724,67.0890,0,0,0,0
597,597000,0.0001,0.0136,0.0074,0.0211,-72.7651,-9.0146,81.8464,0,0,0,0
598,598000,0.0131,-0.0013,-0.0025,0.0093,-52.3691,-36.8602,89.5023,0,0,0,0
599,599000,0.0070,0.0057,0.0060,0.0187,-27.9349,-59.7737,88.2431,0,0,0,0
600,600000,0.0038,0.0035,-0.0044,0.0029,-0.2686,-77.9698,77.9366,0,0,0,0
601,601000,0.0136,0.0130,0.0055,0.0321,27.8890,-87.8485,59.9382,0,0,0,0
602,602000,-0.0109,-0.0006,0.0047,-0.0067,52.6590,-89.2592,36.4568,0,0,0,0
603,603000,0.0070,-0.0061,0.0087,0.0097,72.9682,-81.7378,9.4086,0,0,0,0
604,604000,-0.0134,0.0048,0.0071,-0.0015,85.1002,-67.0148,-18.9780,0,0,0,0
605,605000,-0.0060,0.0096,-0.0058,-0.0022,89.5906,-44.7361,-44.6795,0,0,0,0
606,606000,-0.0132,-0.0112,0.0068,-0.0177,85.7008,-18.3430,-66.4176,0,0,0,0
607,607000,0.0069,-0.0074,0.0085,0.0079,72.7166,9.6435,-82.2405,0,0,0,0
608,608000,0.0047,-0.0032,0.0135,0.0149,53.1748,36.9411,-89.4909,0,0,0,0
609,609000,0.0015,-0.0070,0.0079,0.0024,27.3168,60.2060,-87.5195,0,0,0,0
610,610000,0.0093,0.0058,0.0072,0.0223,0.3696,77.9143,-77.7399,0,0,0,0
611,611000,0.0029,0.0131,-0.0091,0.0069,-27.5062,87.6671,-59.9337,0,0,0,0
612,612000,-0.0089,0.0004,-0.0020,-0.0105,-53.0847,89.2123,-36.4801,0,0,0,0
613,613000,-0.0105,-0.0069,0.0059,-0.0115,-72.5861,81.8976,-9.6982,0,0,0,0
614,614000,-0.0098,-0.0127,0.0033,-0.0192,-85.5781,67.1336,18.8189,0,0,0,0
615,615000,-0.0003,-0.0040,-0.0052,-0.0094,-89.7493,45.1624,44.6558,0,0,0,0
616,616000,-0.0089,0.0001,0.0010,-0.0077,-85.8066,18.5980,66.3788,0,0,0,0
617,617000,-0.0079,-0.0048,-0.0080,-0.0206,-72.9190,-9.5132,82.2767,0,0,0,0
618,618000,0.0009,0.0092,-0.0139,-0.0039,-52.3457,-36.0988,89.4743,0,0,0,0
619,619000,-0.0015,0.0032,0.0130,0.0147,-27.3909,-59.9889,88.0159,0,0,0,0
620,620000,-0.0051,0.0126,0.0011,0.0087,0.3736,-77.8842,77.5867,0,0,0,0
621,621000,0.0116,-0.0035,-0.0015,0.0066,28.0435,-87.5800,59.6880,0,0,0,0
622,622000,0.0113,0.0004,-0.0094,0.0023,52.5155,-88.9201,36.9407,0,0,0,0
623,623000,0.0011,-0.0123,0.0077,-0.0035,72.2191,-81.8968,9.7160,0,0,0,0
624,624000,-0.0021,0.0011,0.0135,0.0124,85.0631,-66.5632,-18.4263,0,0,0,0
625,625000,0.0041,0.0070,-0.0012,0.0100,90.2096,-45.2183,-45.0585,0,0,0,0
626,626000,-0.0117,0.0083,0.0021,-0.0012,85.0185,-18.6213,-66.9899,0,0,0,0
627,627000,-0.0068,0.0037,-0.0137,-0.0168,72.5610,9.3280,-81.8941,0,0,0,0
628,628000,0.0010,0.0033,0.0024,0.0068,52.9187,36.7608,-89.1422,0,0,0,0
629,629000,-0.0121,-0.0111,-0.0056,-0.0288,28.1387,60.3554,-88.2233,0,0,0,0
630,630000,0.0075,-0.0030,-0.0007,0.0038,-0.0560,77.9261,-77.7517,0,0,0,0
631,631000,-0.0103,0.0084,0.0130,0.0111,-27.8521,87.8930,-60.4174,0,0,0,0
632,632000,0.0050,0.0083,-0.0036,0.0098,-52.4197,89.5286,-36.1272,0,0,0,0
633,633000,0.0015,-0.0107,0.0027,-0.0064,-72.6121,81.6052,-9.3548,0,0,0,0
634,634000,0.0126,0.0070,-0.0044,0.0152,-85.5942,67.1077,18.5951,0,0,0,0
635,635000,0.0041,-0.0096,0.0095,0.0040,-89.8033,44.6565,44.6328,0,0,0,0
636,636000,-0.0090,0.0100,0.0122,0.0132,-85.1496,18.9891,67.1892,0,0,0,0
637,637000,-0.0011,-0.0059,-0.0114,-0.0184,-72.6170,-9.7768,82.2524,0,0,0,0
638,638000,-0.0004,-0.0105,-0.0113,-0.0222,-52.9436,-36.3913,89.4300,0,0,0,0
639,639000,0.0113,-0.0014,-0.0055,0.0044,-27.9179,-59.9932,87.9276,0,0,0,0
640,640000,0.0019,-0.0052,-0.0140,-0.0173,-0.1217,-77.8461,77.5538,0,0,0,0
641,641000,-0.0079,-0.0018,-0.0103,-0.0200,27.9696,-87.5465,60.3070,0,0,0,0
642,642000,0.0107,-0.0040,0.0015,0.0082,52.7583,-89.4973,36.2397,0,0,0,0
643,643000,0.0030,0.0101,0.0011,0.0143,72.9685,-82.3731,9.1755,0,0,0,0
644,644000,0.0109,-0.0120,0.0002,-0.0009,85.0384,-67.1776,-19.0946,0,0,0,0
645,645000,0.0023,0.0025,0.0015,0.0063,89.7294,-44.5424,-44.8683,0,0,0,0
646,646000,0.0141,0.0078,-0.0078,0.0141,85.3937,-18.7940,-66.5008,0,0,0,0
647,647000,0.0066,-0.0010,-0.0029,0.0027,72.4738,9.3975,-82.0478,0,0,0,0
648,648000,0.0046,0.0087,-0.0095,0.0038,53.1042,36.6333,-89.3099,0,0,0,0
649,649000,-0.0015,0.0127,0.0132,0.0244,27.4661,60.2409,-87.6401,0,0,0,0
650,650000,-0.0005,-0.0080,-0.0124,-0.0208,-0.1268,77.7706,-77.8990,0,0,0,0
651,651000,-0.0129,0.0115,-0.0009,-0.0023,-28.0176,87.7273,-60.1385,0,0,0,0
652,652000,-0.0128,-0.0050,0.0006,-0.0172,-52.3601,89.5056,-36.2348,0,0,0,0
653,653000,0.0095,0.0013,0.0043,0.0151,-72.8741,81.7568,-9.5092,0,0,0,0
654,654000,0.0043,0.0005,0.0115,0.0163,-85.1175,66.6342,18.6882,0,0,0,0
655,655000,-0.0042,-0.0004,0.0029,-0.0016,-89.4844,44.8912,44.9090,0,0,0,0
656,656000,-0.0102,-0.0120,-0.0082,-0.0303,-85.7191,18.8024,66.4641,0,0,0,0
657,657000,-0.0039,-0.0108,0.0088,-0.0059,-72.4664,-9.6304,82.2476,0,0,0,0
658,658000,-0.0005,-0.0082,0.0094,0.0007,-52.8107,-36.8351,88.8937,0,0,0,0
659,659000,-0.0129,-0.0096,-0.0130,-0.0355,-27.6882,-59.9814,87.9169,0,0,0,0
660,660000,-0.0126,-0.0090,0.0028,-0.0188,-0.2171,-77.3702,77.8389,0,0,0,0
661,661000,-0.0136,0.0046,-0.0117,-0.0208,27.9514,-88.0464,60.0521,0,0,0,0
662,662000,0.0139,-0.0093,0.0029,0.0075,53.1216,-89.0259,36.7955,0,0,0,0
663,663000,0.0091,0.0045,0.0063,0.0199,72.3758,-82.2612,9.2469,0,0,0,0
664,664000,-0.0013,-0.0076,-0.0111,-0.0200,85.5002,-66.8481,-18.9408,0,0,0,0
665,665000,0.0102,-0.0023,-0.0114,-0.0035,89.8185,-45.2221,-44.9290,0,0,0,0
666,666000,0.0032,0.0080,-0.0108,0.0005,85.0048,-18.6705,-66.7612,0,0,0,0
667,667000,-0.0105,0.0093,0.0078,0.0066,72.7545,9.7447,-81.9157,0,0,0,0
668,668000,0.0006,-0.0129,-0.0077,-0.0199,52.6753,36.5577,-89.0511,0,0,0,0
669,669000,0.0082,0.0025,0.0074,0.0181,27.6476,60.3145,-87.6753,0,0,0,0
670,670000,-0.0114,-0.0006,0.0102,-0.0019,-0.3288,77.5415,-77.9764,0,0,0,0
671,671000,0.0107,-0.0088,0.0082,0.0100,-27.8363,88.0398,-60.0277,0,0,0,0
672,672000,-0.0108,0.0044,-0.0052,-0.0116,-53.2343,89.4913,-36.6546,0,0,0,0
673,673000,-0.0098,-0.0070,-0.0022,-0.0189,-72.5254,82.3686,-9.5089,0,0,0,0
674,674000,-0.0063,0.0072,0.0080,0.0089,-85.2566,66.6673,18.6578,0,0,0,0
675,675000,-0.0037,-0.0070,-0.0044,-0.0150,-89.7653,44.7337,45.0919,0,0,0,0
676,676000,0.0067,0.0045,-0.0015,0.0097,-85.0999,18.8961,66.9243,0,0,0,0
677,677000,-0.0096,-0.0028,0.0014,-0.0109,-72.9180,-9.5333,82.2267,0,0,0,0
678,678000,0.0058,0.0131,-0.0116,0.0074,-53.0964,-36.9752,89.0041,0,0,0,0
679,679000,0.0120,-0.0123,-0.0119,-0.0122,-27.8123,-60.3476,87.4368,0,0,0,0
680,680000,-0.0033,0.0032,0.0060,0.0059,0.4351,-77.7629,77.8693,0,0,0,0
681,681000,0.0126,0.0040,-0.0084,0.0081,28.0419,-87.9068,60.2386,0,0,0,0
682,682000,0.0086,-0.0132,0.0004,-0.0041,52.5995,-89.2332,36.2899,0,0,0,0
683,683000,-0.0093,-0.0074,-0.0097,-0.0264,72.2449,-82.4986,9.8344,0,0,0,0
684,684000,0.0079,-0.0030,0.0005,0.0054,85.2869,-66.6680,-18.4607,0,0,0,0
685,685000,-0.0122,-0.0061,0.0117,-0.0066,89.4465,-44.6111,-45.0437,0,0,0,0
686,686000,0.0131,0.0030,0.0122,0.0283,85.2181,-18.9479,-66.6780,0,0,0,0
687,687000,-0.0068,-0.0111,-0.0058,-0.0237,72.5782,9.0041,-81.6483,0,0,0,0
688,688000,0.0086,0.0106,0.0021,0.0213,53.2019,36.8122,-89.1482,0,0,0,0
689,689000,0.0132,0.0076,0.0130,0.0339,27.8110,60.3290,-87.8889,0,0,0,0
690,690000,-0.0011,-0.0134,-0.0122,-0.0267,0.0780,77.4371,-77.6617,0,0,0,0
691,691000,0.0140,-0.0076,0.0129,0.0192,-27.5954,87.6865,-60.0829,0,0,0,0
692,692000,-0.0139,-0.0071,0.0049,-0.0161,-52.4934,88.9571,-36.2425,0,0,0,0
693,693000,-0.0120,-0.0007,0.0112,-0.0015,-72.2741,81.9182,-9.5956,0,0,0,0
694,694000,0.0126,0.0116,-0.0085,0.0157,-85.2543,66.7444,18.8850,0,0,0,0
695,695000,0.0105,-0.0084,0.0034,0.0055,-90.0780,44.6825,44.5983,0,0,0,0
696,696000,-0.0111,0.0050,0.0032,-0.0029,-85.0414,18.8203,66.9826,0,0,0,0
697,697000,0.0012,-0.0005,-0.0002,0.0005,-73.0727,-9.2798,82.4857,0,0,0,0
698,698000,0.0112,-0.0003,0.0118,0.0227,-52.4605,-36.0958,89.1253,0,0,0,0
699,699000,-0.0079,-0.0126,-0.0006,-0.0211,-27.6854,-59.8289,87.8886,0,0,0,0
700,700000,0.0001,0.0053,0.0135,0.0188,-0.0955,-78.0738,77.9598,0,0,0,0
701,701000,-0.0011,-0.0138,0.0023,-0.0126,27.9242,-88.1117,59.9409,0,0,0,0
702,702000,0.0032,0.0014,-0.0008,0.0038,52.5759,-89.5587,36.6325,0,0,0,0
703,703000,-0.0038,-0.0082,-0.0036,-0.0156,72.6605,-81.8695,9.7064,0,0,0,0
704,704000,-0.0062,-0.0104,-0.0077,-0.0243,85.1313,-66.6771,-19.0329,0,0,0,0
705,705000,-0.0065,-0.0019,-0.0100,-0.0184,89.5773,-45.0143,-44.4949,0,0,0,0
706,706000,-0.0099,-0.0091,0.0140,-0.0050,85.6933,-18.6739,-66.4315,0,0,0,0
707,707000,0.0005,0.0081,0.0018,0.0103,72.8597,9.2086,-81.9888,0,0,0,0
708,708000,-0.0029,-0.0124,-0.0007,-0.0160,52.9628,36.8128,-89.2060,0,0,0,0
709,709000,-0.0014,-0.0039,0.0122,0.0069,27.6057,60.1519,-88.0696,0,0,0,0
710,710000,-0.0136,0.0104,-0.0085,-0.0117,-0.3402,78.1977,-77.7136,0,0,0,0
711,711000,0.0042,0.0079,0.0049,0.0170,-28.0466,87.7218,-60.1089,0,0,0,0
712,712000,0.0067,-0.0034,0.0037,0.0071,-52.4418,89.1309,-36.8499,0,0,0,0
713,713000,-0.0094,-0.0046,0.0020,-0.0120,-72.3852,82.1676,-9.0748,0,0,0,0
714,714000,-0.0121,-0.0077,-0.0059,-0.0257,-85.7224,66.5808,18.4647,0,0,0,0
715,715000,0.0041,-0.0016,-0.0039,-0.0013,-90.0201,45.2332,44.9854,0,0,0,0
716,716000,0.0132,-0.0089,0.0064,0.0107,-85.4960,18.2452,66.8908,0,0,0,0
717,717000,0.0125,-0.0119,-0.0112,-0.0106,-72.4813,-9.6873,81.6580,0,0,0,0
718,718000,0.0107,-0.0134,0.0075,0.0048,-52.7482,-36.6234,88.9483,0,0,0,0
719,719000,-0.0067,0.0044,-0.0054,-0.0077,-28.0639,-59.7515,87.6251,0,0,0,0
720,720000,-0.0061,-0.0104,-0.0133,-0.0299,0.1136,-77.4777,77.9286,0,0,0,0
721,721000,0.0102,-0.0007,0.0011,0.0107,27.5973,-87.4254,59.8933,0,0,0,0
722,722000,-0.0016,0.0056,0.0028,0.0068,53.2134,-89.6127,36.6486,0,0,0,0
723,723000,0.0038,0.0007,-0.0054,-0.0009,72.7190,-81.9244,9.2509,0,0,0,0
724,724000,0.0011,-0.0016,-0.0068,-0.0073,85.6925,-66.8658,-18.8499,0,0,0,0
725,725000,-0.0141,0.0098,-0.0009,-0.0052,90.0979,-45.0475,-45.3489,0,0,0,0
726,726000,0.0119,-0.0006,-0.0020,0.0093,85.8202,-19.1144,-66.9313,0,0,0,0
727,727000,-0.0076,-0.0036,0.0017,-0.0095,72.2190,9.3089,-82.1443,0,0,0,0
728,728000,-0.0095,-0.0031,-0.0067,-0.0193,53.0047,36.4216,-89.3925,0,0,0,0
729,729000,-0.0074,0.0116,0.0052,0.0095,27.9918,60.3740,-88.0454,0,0,0,0
730,730000,0.0069,-0.0025,-0.0090,-0.0046,0.2774,78.0992,-77.9707,0,0,0,0
731,731000,0.0039,-0.0064,-0.0088,-0.0114,-27.6485,87.9622,-60.5294,0,0,0,0
732,732000,-0.0127,-0.0089,-0.0065,-0.0281,-52.7603,88.9654,-36.3376,0,0,0,0
733,733000,0.0064,-0.0099,-0.0045,-0.0079,-72.9015,82.0440,-9.5574,0,0,0,0
734,734000,0.0085,-0.0010,-0.0048,0.0026,-84.9715,67.0070,18.9821,0,0,0,0
735,735000,0.0128,0.0078,-0.0008,0.0197,-90.2134,44.5224,44.6309,0,0,0,0
736,736000,0.0097,0.0093,0.0076,0.0265,-85.1338,18.3340,66.5198,0,0,0,0
737,737000,0.0077,0.0067,-0.0011,0.0133,-72.7128,-9.8072,82.2931,0,0,0,0
738,738000,0.0006,-0.0008,-0.0053,-0.0055,-52.3587,-36.3679,89.1637,0,0,0,0
739,739000,0.0037,0.0124,-0.0070,0.0090,-28.1654,-60.0789,87.9764,0,0,0,0
740,740000,-0.0085,0.0103,-0.0109,-0.0092,0.3480,-78.0352,77.9011,0,0,0,0
741,741000,-0.0050,-0.0063,0.0082,-0.0031,27.4555,-88.1936,59.6567,0,0,0,0
742,742000,-0.0130,-0.0007,-0.0036,-0.0173,53.0463,-89.2362,36.1622,0,0,0,0
743,743000,-0.0097,0.0034,0.0141,0.0077,72.2946,-81.6628,9.5006,0,0,0,0
744,744000,-0.0125,0.0057,-0.0106,-0.0173,85.5486,-66.4835,-18.9136,0,0,0,0
745,745000,0.0136,0.0073,-0.0017,0.0192,90.0738,-44.6329,-45.1831,0,0,0,0
746,746000,0.0054,-0.0103,-0.0004,-0.0054,85.2914,-18.3155,-66.8014,0,0,0,0
747,747000,-0.0058,-0.0088,-0.0043,-0.0189,72.8385,9.1067,-81.8410,0,0,0,0
748,748000,-0.0064,0.0117,-0.0122,-0.0068,53.0893,36.5799,-89.6324,0,0,0,0
749,749000,-0.0058,-0.0038,0.0039,-0.0056,27.5417,59.6493,-87.9606,0,0,0,0
750,750000,-0.0089,0.0101,-0.0074,-0.0062,-0.4323,78.0296,-77.5833,0,0,0,0
751,751000,0.0045,-0.0032,-0.0001,0.0012,-27.7193,87.8736,-60.0515,0,0,0,0
752,752000,0.0032,0.0040,0.0007,0.0078,-52.9510,88.9727,-36.9201,0,0,0,0
753,753000,0.0095,0.0106,-0.0004,0.0196,-72.9941,81.7822,-9.7486,0,0,0,0
754,754000,0.0020,0.0045,0.0057,0.0122,-85.1167,66.7685,18.4543,0,0,0,0
755,755000,-0.0038,-0.0121,-0.0082,-0.0242,-89.7195,45.2937,44.8996,0,0,0,0
756,756000,0.0110,0.0085,0.0016,0.0212,-85.7960,18.2790,67.1389,0,0,0,0
757,757000,-0.0024,0.0059,-0.0066,-0.0031,-72.7792,-9.0975,81.6372,0,0,0,0
758,758000,-0.0122,0.0126,-0.0114,-0.0110,-52.9678,-36.1172,89.5248,0,0,0,0
759,759000,0.0009,0.0007,0.0035,0.0052,-28.0332,-60.3234,87.5636,0,0,0,0
760,760000,0.0070,-0.0112,-0.0040,-0.0081,-0.0762,-77.6572,77.7447,0,0,0,0
761,761000,0.0047,-0.0094,-0.0028,-0.0075,28.0981,-88.1390,59.9518,0,0,0,0
762,762000,-0.0097,-0.0016,-0.0052,-0.0165,53.2394,-89.4552,36.9723,0,0,0,0
763,763000,-0.0050,0.0075,0.0064,0.0089,72.5463,-82.1121,9.4856,0,0,0,0
764,764000,0.0018,0.0075,-0.0070,0.0023,85.1618,-66.3625,-18.2589,0,0,0,0
765,765000,-0.0015,0.0064,0.0027,0.0076,89.7222,-44.4735,-44.8915,0,0,0,0
766,766000,0.0140,-0.0056,0.0101,0.0184,85.2408,-18.9233,-67.1749,0,0,0,0
767,767000,0.0091,-0.0063,0.0016,0.0044,72.8320,9.4364,-81.6672,0,0,0,0
768,768000,-0.0098,-0.0041,-0.0038,-0.0176,52.3765,36.2061,-89.2488,0,0,0,0
769,769000,-0.0076,-0.0115,0.0118,-0.0073,28.0336,60.0077,-87.6416,0,0,0,0
770,770000,0.0063,-0.0093,0.0054,0.0024,0.2631,78.0743,-77.7133,0,0,0,0
771,771000,0.0115,-0.0056,0.0022,0.0080,-27.6687,88.0592,-60.4763,0,0,0,0
772,772000,-0.0126,-0.0043,-0.0024,-0.0192,-52.5484,89.6074,-36.2005,0,0,0,0
773,773000,0.0105,0.0043,-0.0138,0.0010,-72.9070,82.1416,-9.1390,0,0,0,0
774,774000,-0.0033,-0.0130,-0.0099,-0.0262,-85.5941,66.7811,18.6757,0,0,0,0
775,775000,-0.0079,0.0066,-0.0015,-0.0029,-90.2183,44.8111,44.9928,0,0,0,0
776,776000,0.0001,-0.0059,-0.0104,-0.0162,-85.6684,18.5786,66.3703,0,0,0,0
777,777000,0.0020,-0.0029,0.0001,-0.0008,-73.0663,-9.7608,82.2957,0,0,0,0
778,778000,-0.0105,0.0017,0.0043,-0.0045,-53.1197,-36.5418,89.0497,0,0,0,0
779,779000,0.0033,-0.0072,0.0078,0.0039,-27.5426,-60.4824,87.6934,0,0,0,0
780,780000,0.0120,0.0049,-0.0043,0.0126,-0.3686,-77.8504,77.6207,0,0,0,0
781,781000,0.0027,-0.0055,0.0033,0.0004,27.3269,-87.4140,60.5379,0,0,0,0
782,782000,-0.0016,-0.0129,-0.0085,-0.0230,52.4736,-89.0368,36.4176,0,0,0,0
783,783000,0.0073,-0.0110,0.0127,0.0090,72.9784,-82.4498,9.7715,0,0,0,0
784,784000,0.0104,-0.0138,-0.0110,-0.0143,85.7063,-66.5712,-18.7184,0,0,0,0
785,785000,-0.0135,0.0011,0.0007,-0.0118,89.5533,-45.1733,-45.1241,0,0,0,0
786,786000,-0.0005,-0.0101,-0.0136,-0.0242,85.6253,-18.4950,-66.6707,0,0,0,0
787,787000,0.0046,-0.0093,0.0082,0.0035,72.2515,9.1942,-81.9438,0,0,0,0
788,788000,-0.0126,-0.0139,-0.0065,-0.0330,52.9307,36.4309,-89.0064,0,0,0,0
789,789000,0.0045,-0.0136,0.0042,-0.0048,28.0814,60.4277,-88.0934,0,0,0,0
790,790000,-0.0034,-0.0113,0.0104,-0.0043,0.4281,77.6160,-77.7534,0,0,0,0
791,791000,-0.0089,-0.0012,-0.0135,-0.0236,-27.7537,88.2349,-60.3246,0,0,0,0
792,792000,0.0008,-0.0030,-0.0043,-0.0065,-52.9412,89.0146,-36.6639,0,0,0,0
793,793000,0.0035,0.0135,0.0088,0.0259,-72.8985,82.0509,-9.2752,0,0,0,0
794,794000,0.0107,0.0089,0.0016,0.0212,-85.0681,66.3227,18.4761,0,0,0,0
795,795000,-0.0099,0.0044,-0.0033,-0.0087,-89.4579,44.5371,45.3210,0,0,0,0
796,796000,0.0032,-0.0077,-0.0098,-0.0144,-85.3060,18.4403,67.1679,0,0,0,0
797,797000,0.0116,0.0012,-0.0102,0.0026,-72.8149,-9.6516,82.0869,0,0,0,0
798,798000,0.0085,-0.0054,0.0007,0.0038,-52.4661,-36.3467,88.9950,0,0,0,0
799,799000,0.0140,-0.0100,0.0118,0.0158,-27.3269,-59.7088,87.6880,0,0,0,0
800,800000,0.0016,-0.0108,0.0107,0.0016,0.4029,-77.9456,77.9857,0,0,0,0
801,801000,0.0075,-0.0024,-0.0016,0.0035,28.0957,-87.9317,60.4873,0,0,0,0
802,802000,0.0111,-0.0064,-0.0111,-0.0064,53.1808,-89.0719,36.2478,0,0,0,0
803,803000,0.0074,-0.0066,-0.0076,-0.0068,72.7621,-81.9895,9.1476,0,0,0,0
804,804000,0.0053,0.0053,0.0001,0.0107,85.2924,-66.7663,-18.5795,0,0,0,0
805,805000,0.0060,0.0100,-0.0103,0.0057,89.7014,-44.9150,-45.1828,0,0,0,0
806,806000,-0.0132,-0.0137,-0.0025,-0.0294,85.6564,-18.8802,-66.5276,0,0,0,0
807,807000,0.0138,-0.0123,0.0137,0.0153,72.8931,9.7718,-81.7200,0,0,0,0
808,808000,-0.0003,-0.0012,-0.0027,-0.0042,52.6344,36.3035,-89.7341,0,0,0,0
809,809000,0.0067,-0.0053,0.0069,0.0082,27.6468,60.1979,-87.7677,0,0,0,0
810,810000,0.0007,0.0081,-0.0014,0.0075,0.3375,77.8003,-77.4880,0,0,0,0
811,811000,-0.0129,0.0005,0.0067,-0.0058,-27.3089,87.7582,-60.0459,0,0,0,0
812,812000,0.0005,-0.0127,-0.0029,-0.0152,-52.6744,89.1351,-36.7064,0,0,0,0
813,813000,0.0093,-0.0022,-0.0126,-0.0055,-72.6963,82.1514,-9.3729,0,0,0,0
814,814000,-0.0101,-0.0014,-0.0109,-0.0224,-85.1225,66.9452,18.9239,0,0,0,0
815,815000,0.0124,-0.0103,-0.0014,0.0007,-89.6385,44.8297,44.6189,0,0,0,0
816,816000,0.0026,-0.0084,-0.0071,-0.0129,-85.2278,18.6328,66.9175,0,0,0,0
817,817000,0.0115,0.0062,-0.0109,0.0068,-72.3953,-9.7263,82.0043,0,0,0,0
818,818000,-0.0039,-0.0033,0.0003,-0.0068,-52.7703,-36.2695,89.7266,0,0,0,0
819,819000,-0.0034,0.0076,0.0019,0.0060,-27.8615,-59.7275,87.9952,0,0,0,0
820,820000,-0.0099,-0.0091,-0.0023,-0.0213,0.3313,-77.5913,77.6107,0,0,0,0
821,821000,0.0076,0.0036,-0.0104,0.0008,27.7060,-88.1955,59.8308,0,0,0,0
822,822000,0.0035,-0.0012,0.0012,0.0035,52.5700,-89.0034,36.0870,0,0,0,0
823,823000,0.0108,0.0025,-0.0025,0.0108,72.4261,-82.0716,9.0104,0,0,0,0
824,824000,0.0028,0.0013,0.0016,0.0058,85.1895,-66.6377,-18.3814,0,0,0,0
825,825000,-0.0128,0.0043,0.0100,0.0016,89.4987,-45.3234,-44.7573,0,0,0,0
826,826000,0.0096,0.0119,-0.0023,0.0191,85.2378,-19.0785,-67.0343,0,0,0,0
827,827000,0.0049,0.0054,0.0081,0.0184,72.7613,9.4735,-82.3395,0,0,0,0
828,828000,-0.0013,0.0122,-0.0057,0.0053,52.8626,36.1655,-89.4407,0,0,0,0
829,829000,-0.0034,-0.0021,-0.0059,-0.0113,27.3659,60.1430,-88.1802,0,0,0,0
830,830000,0.0055,0.0008,0.0055,0.0118,-0.2026,77.8039,-77.6811,0,0,0,0
831,831000,-0.0111,0.0036,-0.0005,-0.0079,-27.5479,88.2895,-59.9283,0,0,0,0
832,832000,0.0123,-0.0060,-0.0052,0.0011,-52.3550,89.4204,-36.5081,0,0,0,0
833,833000,0.0140,-0.0105,0.0006,0.0041,-72.7928,82.1060,-9.2698,0,0,0,0
834,834000,-0.0002,0.0031,0.0136,0.0164,-85.7063,66.9326,18.2259,0,0,0,0
835,835000,-0.0135,-0.0108,0.0085,-0.0158,-89.7019,45.2199,45.3555,0,0,0,0
836,836000,-0.0024,0.0017,-0.0138,-0.0145,-85.5681,18.7970,66.4769,0,0,0,0
837,837000,-0.0062,-0.0054,-0.0050,-0.0166,-72.4009,-9.3822,81.6062,0,0,0,0
838,838000,0.0053,0.0063,-0.0133,-0.0017,-52.9342,-36.4267,89.0313,0,0,0,0
839,839000,-0.0048,0.0049,0.0084,0.0085,-27.8998,-59.7239,87.9828,0,0,0,0
840,840000,-0.0005,0.0111,-0.0047,0.0059,0.1142,-77.7485,78.0368,0,0,0,0
841,841000,-0.0024,0.0095,0.0064,0.0134,27.9721,-88.0322,59.9320,0,0,0,0
842,842000,0.0010,0.0052,0.0110,0.0172,52.5297,-89.0536,36.3994,0,0,0,0
843,843000,0.0133,-0.0133,0.0036,0.0036,72.4644,-81.6154,9.6957,0,0,0,0
844,844000,0.0020,0.0027,0.0071,0.0118,85.3196,-66.4178,-18.4892,0,0,0,0
845,845000,-0.0052,-0.0024,-0.0074,-0.0151,89.3940,-44.9100,-44.9505,0,0,0,0
846,846000,0.0127,-0.0056,0.0081,0.0152,85.1638,-19.0218,-66.4958,0,0,0,0
847,847000,0.0117,-0.0134,0.0000,-0.0017,72.6111,9.3726,-82.3280,0,0,0,0
848,848000,0.0120,0.0007,-0.0101,0.0026,53.0005,36.7784,-88.9887,0,0,0,0
849,849000,0.0091,0.0050,0.0064,0.0205,28.1477,59.7678,-87.8885,0,0,0,0
850,850000,0.0060,-0.0140,0.0053,-0.0027,0.0201,78.1700,-77.6971,0,0,0,0
851,851000,-0.0117,-0.0128,0.0045,-0.0200,-27.7840,87.8704,-60.2661,0,0,0,0
852,852000,0.0022,0.0111,-0.0087,0.0046,-52.9604,89.1617,-36.7315,0,0,0,0
853,853000,-0.0051,-0.0108,-0.0064,-0.0223,-72.7144,81.7348,-9.8236,0,0,0,0
854,854000,0.0035,-0.0083,-0.0051,-0.0100,-85.4062,66.6108,18.3516,0,0,0,0
855,855000,0.0058,-0.0072,0.0032,0.0018,-90.0093,44.5222,44.7625,0,0,0,0
856,856000,-0.0016,-0.0008,-0.0111,-0.0136,-85.7510,18.8311,66.3445,0,0,0,0
857,857000,-0.0021,0.0027,0.0095,0.0101,-72.9499,-9.3049,82.2288,0,0,0,0
858,858000,0.0033,0.0090,0.0048,0.0171,-52.9602,-36.3397,89.3527,0,0,0,0
859,859000,0.0134,-0.0010,0.0088,0.0213,-27.5246,-60.4284,88.2289,0,0,0,0
860,860000,-0.0009,0.0052,-0.0010,0.0033,-0.0399,-77.5929,77.5408,0,0,0,0
861,861000,-0.0078,0.0033,-0.0031,-0.0076,28.0786,-87.4811,60.2770,0,0,0,0
862,862000,0.0047,0.0108,-0.0133,0.0022,53.0511,-89.3646,36.5087,0,0,0,0
863,863000,-0.0042,-0.0093,0.0030,-0.0106,72.6267,-81.8091,9.0535,0,0,0,0
864,864000,-0.0112,0.0084,0.0042,0.0014,85.7040,-66.9017,-18.4109,0,0,0,0
865,865000,0.0009,-0.0024,0.0014,-0.0002,89.7255,-44.7987,-44.4817,0,0,0,0
866,866000,-0.0033,0.0089,0.0080,0.0136,85.2757,-18.5918,-66.8033,0,0,0,0
867,867000,0.0081,-0.0075,-0.0119,-0.0113,72.7015,9.5342,-81.6628,0,0,0,0
868,868000,0.0021,0.0026,0.0016,0.0063,52.7797,36.4976,-89.0334,0,0,0,0
869,869000,-0.0092,-0.0122,0.0089,-0.0124,28.1637,59.7463,-87.6083,0,0,0,0
870,870000,-0.0034,0.0045,0.0090,0.0101,-0.0051,77.4140,-77.4339,0,0,0,0
871,871000,0.0114,-0.0141,-0.0099,-0.0127,-27.6320,87.5347,-60.0696,0,0,0,0
872,872000,-0.0031,-0.0086,-0.0052,-0.0169,-52.7217,89.4856,-36.4678,0,0,0,0
873,873000,0.0117,0.0125,0.0136,0.0379,-72.8371,81.9911,-9.5281,0,0,0,0
874,874000,-0.0116,0.0138,-0.0105,-0.0084,-85.8606,66.6592,18.4887,0,0,0,0
875,875000,-0.0037,-0.0126,0.0091,-0.0073,-89.7707,45.0900,44.7809,0,0,0,0
876,876000,0.0102,-0.0075,-0.0030,-0.0003,-85.0903,18.8551,66.5819,0,0,0,0
877,877000,-0.0033,0.0013,-0.0007,-0.0027,-72.7679,-9.2422,81.7697,0,0,0,0
878,878000,-0.0033,0.0096,0.0141,0.0204,-52.4105,-36.8414,89.4754,0,0,0,0
879,879000,-0.0103,-0.0137,-0.0004,-0.0244,-28.1389,-59.8989,87.7951,0,0,0,0
880,880000,0.0139,0.0040,-0.0012,0.0166,-0.3730,-77.8573,78.0412,0,0,0,0
881,881000,0.0030,-0.0091,0.0015,-0.0046,27.6875,-87.8435,60.0528,0,0,0,0
882,882000,-0.0041,0.0030,0.0098,0.0087,52.5095,-89.2526,36.2945,0,0,0,0
883,883000,0.0000,0.0013,0.0135,0.0149,72.5815,-82.1692,9.4494,0,0,0,0
884,884000,0.0058,-0.0005,-0.0101,-0.0049,85.0713,-66.5742,-18.4658,0,0,0,0
885,885000,0.0137,0.0079,-0.0119,0.0096,90.2490,-44.9388,-44.5571,0,0,0,0
886,886000,-0.0116,0.0068,-0.0119,-0.0167,85.3940,-18.2600,-66.6252,0,0,0,0
887,887000,0.0084,-0.0126,0.0079,0.0037,72.4932,9.2477,-82.0777,0,0,0,0
888,888000,0.0004,0.0066,0.0130,0.0200,52.7641,36.4600,-89.0548,0,0,0,0
889,889000,-0.0060,0.0120,0.0064,0.0124,27.3369,60.3217,-87.7947,0,0,0,0
890,890000,-0.0124,-0.0094,0.0139,-0.0079,-0.0241,77.3790,-77.5043,0,0,0,0
891,891000,0.0035,-0.0118,0.0099,0.0016,-27.9457,87.8570,-60.2972,0,0,0,0
892,892000,-0.0104,0.0101,-0.0110,-0.0113,-52.9884,88.8863,-36.8231,0,0,0,0
893,893000,0.0026,-0.0015,-0.0068,-0.0057,-72.9749,82.3262,-9.2079,0,0,0,0
894,894000,-0.0004,0.0102,-0.0118,-0.0019,-85.1499,66.6041,18.3547,0,0,0,0
895,895000,0.0123,-0.0001,0.0076,0.0198,-90.1252,45.3506,44.6720,0,0,0,0
896,896000,-0.0017,-0.0082,-0.0044,-0.0143,-85.2952,18.8840,66.8730,0,0,0,0
897,897000,0.0072,-0.0094,-0.0056,-0.0078,-73.0065,-9.4791,82.2708,0,0,0,0
898,898000,0.0071,-0.0034,-0.0007,0.0030,-52.7625,-36.3462,89.0039,0,0,0,0
899,899000,0.0105,0.0121,0.0050,0.0276,-28.1927,-60.1437,88.2667,0,0,0,0
900,900000,0.0052,0.0118,0.0129,0.0299,-0.4122,-77.6583,77.7205,0,0,0,0
901,901000,0.0118,-0.0047,-0.0114,-0.0042,28.0761,-88.0611,60.2363,0,0,0,0
902,902000,-0.0031,0.0070,0.0025,0.0065,53.0370,-89.1122,36.2569,0,0,0,0
903,903000,-0.0046,-0.0091,0.0049,-0.0088,72.8325,-82.0070,9.6861,0,0,0,0
904,904000,-0.0138,-0.0112,-0.0079,-0.0329,85.0575,-66.7938,-18.8681,0,0,0,0
905,905000,-0.0087,-0.0115,0.0044,-0.0158,89.3868,-44.5135,-44.6060,0,0,0,0
906,906000,0.0127,0.0059,0.0101,0.0287,85.5428,-19.0148,-67.0777,0,0,0,0
907,907000,0.0044,0.0019,0.0112,0.0175,73.0207,9.8078,-81.8740,0,0,0,0
908,908000,-0.0070,0.0123,0.0120,0.0173,52.7620,36.6555,-89.5235,0,0,0,0
909,909000,-0.0021,0.0076,-0.0096,-0.0040,28.1165,59.9391,-88.2346,0,0,0,0
910,910000,0.0078,-0.0047,0.0129,0.0160,-0.1053,77.3866,-77.9931,0,0,0,0
911,911000,-0.0017,0.0121,-0.0091,0.0013,-27.7617,87.9510,-60.1048,0,0,0,0
912,912000,-0.0101,-0.0080,0.0117,-0.0064,-52.5504,89.4513,-36.3374,0,0,0,0
913,913000,-0.0112,0.0020,-0.0015,-0.0107,-73.0451,81.8257,-9.0321,0,0,0,0
914,914000,-0.0099,0.0122,-0.0066,-0.0043,-85.2927,66.8931,18.8532,0,0,0,0
915,915000,0.0114,0.0004,-0.0003,0.0116,-89.7476,45.3024,44.8499,0,0,0,0
916,916000,0.0097,0.0081,-0.0140,0.0038,-85.1665,18.7096,67.1532,0,0,0,0
917,917000,0.0090,0.0019,-0.0040,0.0069,-72.6777,-8.9975,82.2131,0,0,0,0
918,918000,-0.0028,0.0130,0.0010,0.0111,-52.6729,-36.8985,89.7366,0,0,0,0
919,919000,-0.0119,0.0075,-0.0091,-0.0135,-27.7905,-59.9650,87.4382,0,0,0,0
920,920000,-0.0033,0.0055,0.0037,0.0060,-0.2775,-77.4257,77.6553,0,0,0,0
921,921000,-0.0117,0.0067,-0.0087,-0.0138,27.8735,-88.1753,60.2951,0,0,0,0
922,922000,0.0026,-0.0124,-0.0054,-0.0152,52.7820,-89.2862,36.5614,0,0,0,0
923,923000,0.0095,0.0140,-0.0126,0.0109,72.6160,-82.4655,9.6467,0,0,0,0
924,924000,-0.0129,0.0087,-0.0012,-0.0054,85.0759,-66.5950,-18.5136,0,0,0,0
925,925000,0.0106,0.0022,-0.0131,-0.0003,89.4993,-44.5258,-45.2292,0,0,0,0
926,926000,0.0044,0.0118,0.0057,0.0219,85.3929,-19.0814,-67.0771,0,0,0,0
927,927000,-0.0093,-0.0054,-0.0012,-0.0160,72.2574,9.6520,-82.3455,0,0,0,0
928,928000,0.0026,-0.0111,0.0085,-0.0001,53.0771,36.5283,-89.5736,0,0,0,0
929,929000,0.0086,0.0088,0.0050,0.0225,27.6880,60.5308,-88.0098,0,0,0,0
930,930000,0.0135,-0.0103,0.0083,0.0115,0.0682,78.0839,-77.5444,0,0,0,0
931,931000,0.0026,-0.0107,-0.0024,-0.0105,-27.9020,87.5297,-59.9214,0,0,0,0
932,932000,0.0015,0.0120,-0.0113,0.0022,-52.8468,88.9101,-36.2189,0,0,0,0
933,933000,0.0032,-0.0137,-0.0140,-0.0245,-72.4122,82.0380,-9.6761,0,0,0,0
934,934000,-0.0116,0.0109,0.0087,0.0080,-85.2825,66.6700,18.9183,0,0,0,0
935,935000,0.0054,0.0040,-0.0025,0.0069,-90.0785,44.9280,45.3008,0,0,0,0
936,936000,0.0031,-0.0091,0.0127,0.0068,-85.8341,18.6734,66.8595,0,0,0,0
937,937000,0.0080,-0.0140,-0.0108,-0.0168,-72.7982,-9.6256,82.0769,0,0,0,0
938,938000,-0.0114,0.0074,-0.0079,-0.0120,-52.9157,-36.4952,89.5654,0,0,0,0
939,939000,0.0045,-0.0087,0.0052,0.0011,-27.9550,-59.8313,88.2728,0,0,0,0
940,940000,-0.0007,0.0048,0.0041,0.0082,-0.2907,-78.1921,77.5887,0,0,0,0
941,941000,-0.0018,0.0086,-0.0129,-0.0061,27.6054,-87.6199,60.3136,0,0,0,0
942,942000,0.0120,0.0081,-0.0109,0.0092,52.5006,-89.3360,36.8857,0,0,0,0
943,943000,0.0063,-0.0049,0.0050,0.0063,72.7448,-82.3203,9.2316,0,0,0,0
944,944000,0.0079,-0.0114,0.0105,0.0070,85.2626,-66.5317,-18.7853,0,0,0,0
945,945000,-0.0079,-0.0004,-0.0100,-0.0184,89.7886,-44.5566,-44.5230,0,0,0,0
946,946000,-0.0013,-0.0103,0.0037,-0.0078,85.3176,-18.4761,-66.3182,0,0,0,0
947,947000,-0.0084,0.0054,-0.0103,-0.0133,72.3267,8.9927,-81.7339,0,0,0,0
948,948000,-0.0012,-0.0044,0.0029,-0.0027,52.4964,36.8780,-89.0626,0,0,0,0
949,949000,0.0039,-0.0093,0.0100,0.0046,27.8544,60.5200,-88.2234,0,0,0,0
950,950000,0.0101,0.0140,0.0095,0.0336,-0.0097,77.8640,-77.9801,0,0,0,0
951,951000,0.0065,-0.0072,0.0022,0.0016,-27.5421,87.6968,-59.7458,0,0,0,0
952,952000,0.0026,0.0021,0.0136,0.0183,-53.1070,88.8781,-36.9440,0,0,0,0
953,953000,-0.0008,-0.0132,-0.0006,-0.0146,-72.4203,82.0777,-9.1205,0,0,0,0
954,954000,0.0091,-0.0073,-0.0138,-0.0120,-85.4615,66.7978,18.8817,0,0,0,0
955,955000,0.0127,-0.0058,-0.0116,-0.0046,-90.1445,45.0399,44.8892,0,0,0,0
956,956000,-0.0055,0.0101,-0.0135,-0.0088,-85.2362,18.8956,66.7047,0,0,0,0
957,957000,0.0077,-0.0027,-0.0037,0.0013,-72.3255,-9.1278,82.0177,0,0,0,0
958,958000,0.0038,-0.0121,-0.0047,-0.0131,-52.4680,-36.1775,88.9029,0,0,0,0
959,959000,-0.0021,0.0126,0.0083,0.0189,-27.9610,-60.0596,88.1103,0,0,0,0
960,960000,-0.0119,0.0067,0.0126,0.0074,0.3421,-78.1816,77.9386,0,0,0,0
961,961000,0.0110,-0.0038,-0.0038,0.0034,27.4048,-87.7450,59.8061,0,0,0,0
962,962000,0.0017,0.0059,0.0136,0.0212,52.4028,-89.5878,36.2962,0,0,0,0
963,963000,-0.0109,0.0124,0.0130,0.0145,72.6422,-81.9778,9.1275,0,0,0,0
964,964000,0.0069,-0.0042,0.0051,0.0079,85.1722,-66.9542,-18.8737,0,0,0,0
965,965000,-0.0123,-0.0004,-0.0107,-0.0234,89.6756,-44.8833,-44.7189,0,0,0,0
966,966000,0.0050,-0.0059,0.0085,0.0077,85.4483,-18.5649,-66.3453,0,0,0,0
967,967000,0.0087,-0.0123,-0.0012,-0.0047,73.0575,9.7402,-82.4268,0,0,0,0
968,968000,0.0113,0.0129,-0.0063,0.0178,52.6016,36.1801,-89.1456,0,0,0,0
969,969000,-0.0001,0.0006,-0.0059,-0.0054,28.0910,60.2120,-87.4302,0,0,0,0
970,970000,0.0012,-0.0043,0.0041,0.0009,-0.3305,77.7313,-77.9690,0,0,0,0
971,971000,-0.0124,-0.0076,0.0041,-0.0158,-27.4203,88.2538,-60.1770,0,0,0,0
972,972000,-0.0044,-0.0049,0.0056,-0.0038,-52.6605,89.4065,-36.2238,0,0,0,0
973,973000,-0.0015,-0.0104,-0.0093,-0.0212,-72.8375,82.3096,-9.6037,0,0,0,0
974,974000,-0.0004,0.0076,-0.0042,0.0030,-84.9960,66.3387,18.6339,0,0,0,0
975,975000,-0.0094,0.0060,0.0134,0.0099,-89.4337,44.7144,45.2121,0,0,0,0
976,976000,0.0055,-0.0098,-0.0130,-0.0173,-85.2694,18.4381,66.5806,0,0,0,0
977,977000,-0.0106,-0.0089,-0.0132,-0.0326,-72.8767,-9.3321,81.8853,0,0,0,0
978,978000,-0.0044,0.0011,-0.0056,-0.0089,-52.9059,-36.8339,89.7002,0,0,0,0
979,979000,-0.0027,-0.0100,-0.0051,-0.0178,-27.7548,-60.1354,87.4067,0,0,0,0
980,980000,0.0067,-0.0048,-0.0007,0.0012,0.4272,-77.5972,77.5930,0,0,0,0
981,981000,0.0126,0.0021,0.0018,0.0165,28.1860,-88.1689,60.4632,0,0,0,0
982,982000,-0.0016,0.0066,-0.0102,-0.0053,52.9616,-88.9632,36.5767,0,0,0,0
983,983000,-0.0054,0.0096,-0.0115,-0.0073,72.5732,-82.0983,8.9885,0,0,0,0
984,984000,0.0040,-0.0079,-0.0063,-0.0101,85.4937,-66.3540,-19.1023,0,0,0,0
985,985000,0.0011,0.0049,0.0003,0.0063,89.7656,-45.2779,-45.1817,0,0,0,0
986,986000,-0.0052,0.0125,-0.0039,0.0035,85.5132,-18.3067,-67.0615,0,0,0,0
987,987000,0.0100,-0.0036,-0.0042,0.0022,72.5445,9.1948,-81.6209,0,0,0,0
988,988000,0.0106,0.0064,0.0139,0.0310,52.4213,36.4808,-89.0499,0,0,0,0
989,989000,-0.0060,0.0133,0.0112,0.0185,28.0288,60.0293,-88.1757,0,0,0,0
990,990000,0.0025,-0.0083,0.0104,0.0046,-0.3718,77.7589,-77.3447,0,0,0,0
991,991000,-0.0123,0.0072,-0.0026,-0.0076,-27.3410,87.4823,-59.7255,0,0,0,0
992,992000,-0.0024,0.0059,-0.0103,-0.0067,-52.7416,89.5519,-36.8129,0,0,0,0
993,993000,-0.0033,-0.0129,0.0095,-0.0068,-72.6132,82.3428,-9.5643,0,0,0,0
994,994000,0.0017,-0.0134,-0.0067,-0.0184,-85.4516,66.2984,19.0831,0,0,0,0
995,995000,0.0095,0.0044,-0.0023,0.0115,-89.8393,45.2600,44.9000,0,0,0,0
996,996000,0.0053,-0.0108,0.0140,0.0085,-85.6480,18.4734,66.3561,0,0,0,0
997,997000,0.0069,0.0019,0.0036,0.0124,-72.5887,-9.0574,82.0282,0,0,0,0
998,998000,0.0055,0.0004,0.0098,0.0156,-53.1334,-36.4633,89.0198,0,0,0,0
999,999000,-0.0125,0.0107,-0.0095,-0.0113,-27.9162,-60.4251,87.6478,0,0,0,0
