0,0,-0.2851,-0.2869,0.5665,-0.0055,0.3701,-77.9705,78.1736,0,0,0,1
1,1000,-0.1172,-0.4293,0.5451,-0.0014,27.9935,-88.2161,60.1370,0,0,0,1
2,2000,0.0697,-0.5115,0.4629,0.0210,53.0852,-89.5013,36.7001,0,0,0,1
3,3000,0.2187,-0.5534,0.3330,-0.0018,72.7335,-82.4872,9.2741,0,0,0,1
4,4000,0.3781,-0.5417,0.1650,0.0014,85.2754,-67.1024,-18.9240,0,0,0,1
5,5000,0.4811,-0.4867,0.0007,-0.0049,90.1712,-44.6097,-44.8785,0,0,0,1
6,6000,0.5548,-0.3894,-0.1868,-0.0215,85.6490,-18.7090,-66.4589,0,0,0,1
7,7000,0.5746,-0.2354,-0.3235,0.0156,72.6432,9.2648,-81.6997,0,0,0,1
8,8000,0.5195,-0.0636,-0.4710,-0.0150,53.0285,36.7194,-89.0401,0,0,0,1
9,9000,0.4125,0.1075,-0.5486,-0.0286,28.0747,59.8521,-88.1841,0,0,0,1
10,10000,0.2709,0.2909,-0.5579,0.0039,0.1714,77.4025,-77.5506,0,0,0,1
11,11000,0.1047,0.4287,-0.5505,-0.0171,-28.1065,87.8641,-60.4400,0,0,0,1
12,12000,-0.0661,0.5215,-0.4497,0.0057,-53.1813,89.5512,-36.1536,0,0,0,1
13,13000,-0.2384,0.5537,-0.3441,-0.0288,-72.3012,81.9164,-9.0776,0,0,0,1
14,14000,-0.3660,0.5490,-0.1748,0.0082,-85.0157,66.4404,18.8788,0,0,0,1
15,15000,-0.4972,0.4786,-0.0137,-0.0324,-89.7515,44.9775,44.6531,0,0,0,1
16,16000,-0.5620,0.3899,0.1882,0.0160,-85.6147,18.7069,66.3848,0,0,0,1
17,17000,-0.5707,0.2360,0.3350,0.0003,-72.6578,-9.5081,81.9956,0,0,0,1
18,18000,-0.5038,0.0550,0.4496,0.0008,-53.0784,-36.6390,89.0779,0,0,0,1
19,19000,-0.4313,-0.1283,0.5277,-0.0319,-27.3190,-60.4477,88.0875,0,0,0,1
20,20000,-0.2771,-0.2958,0.5548,-0.0181,0.0513,-77.9361,77.5874,0,0,0,1
21,21000,-0.1148,-0.4069,0.5395,0.0178,27.5854,-87.9023,59.9096,0,0,0,1
22,22000,0.0692,-0.5290,0.4570,-0.0028,52.5122,-89.0163,36.6918,0,0,0,1
23,23000,0.2210,-0.5628,0.3307,-0.0111,73.1095,-82.4044,9.5306,0,0,0,1
24,24000,0.3668,-0.5561,0.1635,-0.0258,85.0985,-66.6639,-18.2915,0,0,0,1
25,25000,0.5034,-0.4765,0.0027,0.0296,89.4237,-45.0522,-44.4666,0,0,0,1
26,26000,0.5427,-0.3721,-0.1688,0.0017,85.7225,-18.8724,-66.6717,0,0,0,1
27,27000,0.5562,-0.2260,-0.3332,-0.0030,72.9216,9.2986,-81.9571,0,0,0,1
28,28000,0.5141,-0.0654,-0.4687,-0.0200,52.7778,36.7716,-89.5465,0,0,0,1
29,29000,0.4203,0.1073,-0.5506,-0.0231,27.8695,59.7381,-88.2398,0,0,0,1
30,30000,0.2879,0.2795,-0.5755,-0.0081,0.4240,77.9427,-77.6722,0,0,0,1
31,31000,0.1062,0.4275,-0.5297,0.0040,-28.1346,88.0923,-60.3654,0,0,0,1
32,32000,-0.0545,0.5100,-0.4475,0.0080,-52.8005,89.1822,-36.4890,0,0,0,1
33,33000,-0.2173,0.5606,-0.3358,0.0075,-73.0823,82.4224,-9.5547,0,0,0,1
34,34000,-0.3820,0.5401,-0.1646,-0.0065,-85.4550,66.7962,18.4966,0,0,0,1
35,35000,-0.4841,0.4796,-0.0004,-0.0049,-89.8223,45.1011,44.5565,0,0,0,1
36,36000,-0.5484,0.3838,0.1741,0.0095,-85.2750,18.7384,67.0635,0,0,0,1
37,37000,-0.5624,0.2299,0.3358,0.0033,-72.7591,-8.9653,81.9175,0,0,0,1
38,38000,-0.5033,0.0458,0.4672,0.0097,-52.9529,-36.9394,89.1869,0,0,0,1
39,39000,-0.4135,-0.1065,0.5266,0.0065,-28.1792,-60.2403,87.7129,0,0,0,1
40,40000,-0.2869,-0.2783,0.5699,0.0047,-0.1336,-78.0084,77.8649,0,0,0,1
41,41000,-0.1060,-0.4259,0.5244,-0.0075,27.3640,-87.9978,59.9415,0,0,0,1
42,42000,0.0580,-0.5149,0.4510,-0.0058,53.1181,-88.9621,36.7069,0,0,0,1
43,43000,0.2326,-0.5660,0.3346,0.0011,73.0978,-82.1483,9.6651,0,0,0,1
44,44000,0.3672,-0.5580,0.1823,-0.0085,85.5761,-66.7428,-18.8176,0,0,0,1
45,45000,0.4931,-0.4917,0.0098,0.0113,89.6919,-44.9100,-44.6494,0,0,0,1
46,46000,0.5630,-0.3845,-0.1608,0.0176,85.4510,-19.0799,-66.8333,0,0,0,1
47,47000,0.5548,-0.2416,-0.3440,-0.0308,72.8797,9.6973,-82.1963,0,0,0,1
48,48000,0.5045,-0.0598,-0.4493,-0.0046,53.0622,36.2702,-89.1865,0,0,0,1
49,49000,0.4148,0.1157,-0.5465,-0.0160,28.0274,60.1336,-87.9397,0,0,0,1
50,50000,0.2864,0.2903,-0.5793,-0.0026,-0.0420,77.4949,-77.5991,0,0,0,1
51,51000,0.1279,0.4123,-0.5311,0.0090,-27.6852,88.2670,-60.1271,0,0,0,1
52,52000,-0.0468,0.5200,-0.4595,0.0137,-52.7623,89.5643,-36.4715,0,0,0,1
53,53000,-0.2265,0.5587,-0.3424,-0.0101,-72.6416,81.7334,-9.2218,0,0,0,1
54,54000,-0.3842,0.5482,-0.1871,-0.0231,-85.4768,67.0419,18.4073,0,0,0,1
55,55000,-0.4924,0.4940,0.0029,0.0045,-89.5239,44.6886,44.8228,0,0,0,1
56,56000,-0.5643,0.3713,0.1738,-0.0191,-85.6955,18.9674,66.7990,0,0,0,1
57,57000,-0.5644,0.2170,0.3222,-0.0252,-72.5296,-9.6941,81.8327,0,0,0,1
58,58000,-0.5082,0.0500,0.4708,0.0125,-52.6492,-36.2143,89.3099,0,0,0,1
59,59000,-0.4340,-0.1294,0.5484,-0.0150,-27.4313,-60.0065,88.2117,0,0,0,1
60,60000,-0.2855,-0.2784,0.5782,0.0144,-0.1227,-78.1497,77.9831,0,0,0,1
61,61000,-0.1278,-0.4138,0.5386,-0.0029,27.4057,-87.4631,60.3932,0,0,0,1
62,62000,0.0718,-0.5238,0.4502,-0.0017,53.1793,-88.9772,36.1916,0,0,0,1
63,63000,0.2388,-0.5602,0.3395,0.0181,72.5082,-82.1486,9.1510,0,0,0,1
64,64000,0.3763,-0.5625,0.1731,-0.0131,85.0993,-66.3232,-18.8942,0,0,0,1
65,65000,0.4924,-0.4934,-0.0052,-0.0062,89.8060,-44.5043,-44.9758,0,0,0,1
66,66000,0.5585,-0.3678,-0.1787,0.0120,85.8349,-18.2810,-66.5516,0,0,0,1
67,67000,0.5717,-0.2169,-0.3228,0.0320,72.2314,9.4832,-81.9040,0,0,0,1
68,68000,0.5292,-0.0510,-0.4562,0.0221,52.9630,36.2971,-89.4939,0,0,0,1
69,69000,0.4334,0.1264,-0.5276,0.0322,27.6311,59.7583,-87.5307,0,0,0,1
70,70000,0.2797,0.2798,-0.5726,-0.0131,0.3681,78.2111,-78.1498,0,0,0,1
71,71000,0.1267,0.4122,-0.5262,0.0127,-27.9918,88.2025,-59.9797,0,0,0,1
72,72000,-0.0484,0.5141,-0.4473,0.0184,-52.5521,88.9040,-36.2406,0,0,0,1
73,73000,-0.2176,0.5601,-0.3264,0.0161,-72.6875,82.3562,-9.0498,0,0,0,1
74,74000,-0.3695,0.5589,-0.1790,0.0105,-85.1274,66.7510,18.7652,0,0,0,1
75,75000,-0.4810,0.4886,-0.0127,-0.0051,-89.6011,44.4828,45.0345,0,0,0,1
76,76000,-0.5496,0.3682,0.1784,-0.0030,-85.1574,18.5843,66.5780,0,0,0,1
77,77000,-0.5744,0.2305,0.3419,-0.0020,-72.9689,-8.9664,82.2861,0,0,0,1
78,78000,-0.5070,0.0674,0.4570,0.0175,-52.6249,-36.6931,89.5338,0,0,0,1
79,79000,-0.4272,-0.1084,0.5295,-0.0060,-27.5859,-59.8287,87.7752,0,0,0,1
80,80000,-0.2918,-0.2703,0.5579,-0.0042,0.3381,-77.4366,78.1842,0,0,0,1
81,81000,-0.1056,-0.4168,0.5514,0.0290,27.8864,-87.4866,59.8267,0,0,0,1
82,82000,0.0648,-0.5196,0.4509,-0.0039,52.4942,-89.3865,36.1618,0,0,0,1
83,83000,0.2263,-0.5734,0.3307,-0.0164,73.0632,-81.8534,9.7654,0,0,0,1
84,84000,0.3772,-0.5641,0.1661,-0.0209,85.5747,-66.5535,-18.3484,0,0,0,1
85,85000,0.4979,-0.4901,0.0101,0.0179,89.6242,-45.2394,-44.8174,0,0,0,1
86,86000,0.5673,-0.3735,-0.1774,0.0164,85.2239,-18.7469,-67.0633,0,0,0,1
87,87000,0.5567,-0.2268,-0.3362,-0.0063,72.4476,9.7540,-81.8842,0,0,0,1
88,88000,0.5156,-0.0695,-0.4522,-0.0061,52.3519,36.3721,-89.1548,0,0,0,1
89,89000,0.4264,0.1243,-0.5494,0.0013,27.9415,59.8788,-88.2483,0,0,0,1
90,90000,0.2781,0.2944,-0.5533,0.0192,-0.2382,78.2279,-77.3621,0,0,0,1
91,91000,0.1204,0.4075,-0.5346,-0.0067,-27.5313,87.6307,-60.2751,0,0,0,1
92,92000,-0.0621,0.5300,-0.4554,0.0125,-52.9077,89.3761,-36.7462,0,0,0,1
93,93000,-0.2300,0.5733,-0.3377,0.0056,-72.2751,81.7192,-9.3609,0,0,0,1
94,94000,-0.3886,0.5404,-0.1643,-0.0125,-85.7629,66.4110,18.9742,0,0,0,1
95,95000,-0.4829,0.4838,0.0032,0.0041,-89.4318,45.2459,45.1422,0,0,0,1
96,96000,-0.5600,0.3896,0.1888,0.0184,-85.5867,18.5078,66.9821,0,0,0,1
97,97000,-0.5725,0.2345,0.3199,-0.0180,-72.3445,-9.1203,81.7342,0,0,0,1
98,98000,-0.5244,0.0523,0.4559,-0.0162,-53.2086,-36.3459,89.7674,0,0,0,1
99,99000,-0.4083,-0.1217,0.5376,0.0076,-28.1667,-59.9100,87.8457,0,0,0,1
100,100000,-0.2731,-0.2935,0.5761,0.0096,0.3295,-78.1468,77.4949,0,0,0,1
101,101000,-0.1270,-0.4268,0.5404,-0.0134,27.7621,-87.5009,60.1728,0,0,0,1
102,102000,0.0725,-0.5148,0.4457,0.0034,52.8151,-89.3977,36.7718,0,0,0,1
103,103000,0.2351,-0.5760,0.3376,-0.0033,73.0095,-81.8869,9.2931,0,0,0,1
104,104000,0.3811,-0.5438,0.1630,0.0002,85.8240,-67.0562,-18.3765,0,0,0,1
105,105000,0.4944,-0.4770,-0.0140,0.0034,89.7734,-44.8227,-44.4854,0,0,0,1
106,106000,0.5577,-0.3835,-0.1682,0.0061,85.8238,-18.4655,-66.3345,0,0,0,1
107,107000,0.5645,-0.2429,-0.3375,-0.0158,72.4023,9.5172,-82.4489,0,0,0,1
108,108000,0.5046,-0.0625,-0.4668,-0.0246,53.1976,36.4401,-88.9049,0,0,0,1
109,109000,0.4307,0.1276,-0.5301,0.0282,27.3853,59.7950,-88.0451,0,0,0,1
110,110000,0.2900,0.2721,-0.5676,-0.0055,0.1384,77.7735,-77.5066,0,0,0,1
111,111000,0.1122,0.4100,-0.5286,-0.0064,-27.5881,88.0006,-60.0863,0,0,0,1
112,112000,-0.0594,0.5161,-0.4598,-0.0031,-52.4456,89.3792,-36.3005,0,0,0,1
113,113000,-0.2213,0.5607,-0.3455,-0.0061,-72.5593,81.9833,-9.5303,0,0,0,1
114,114000,-0.3795,0.5586,-0.1749,0.0041,-85.6665,66.4355,18.7899,0,0,0,1
115,115000,-0.4892,0.4881,-0.0006,-0.0017,-90.0026,45.2730,44.5917,0,0,0,1
116,116000,-0.5639,0.3882,0.1690,-0.0067,-85.0569,18.6943,66.3391,0,0,0,1
117,117000,-0.5746,0.2190,0.3210,-0.0345,-73.0701,-9.4556,82.1942,0,0,0,1
118,118000,-0.5148,0.0522,0.4577,-0.0049,-53.0132,-36.9065,88.9759,0,0,0,1
119,119000,-0.4158,-0.1266,0.5262,-0.0162,-28.0421,-60.1939,88.1903,0,0,0,1
120,120000,-0.2886,-0.2841,0.5692,-0.0035,0.0783,-77.6288,77.5707,0,0,0,1
121,121000,-0.1044,-0.4292,0.5450,0.0113,28.0878,-88.1348,60.1912,0,0,0,1
122,122000,0.0696,-0.5158,0.4468,0.0006,52.4381,-89.7664,36.2361,0,0,0,1
123,123000,0.2294,-0.5522,0.3354,0.0127,72.8338,-81.6314,9.3763,0,0,0,1
124,124000,0.3819,-0.5573,0.1802,0.0048,85.8444,-66.5892,-18.7678,0,0,0,1
125,125000,0.4843,-0.5036,-0.0137,-0.0330,89.4779,-45.2559,-44.4847,0,0,0,1
126,126000,0.5635,-0.3743,-0.1766,0.0125,85.1576,-18.5390,-66.6321,0,0,0,1
127,127000,0.5708,-0.2357,-0.3332,0.0018,72.3840,9.3553,-82.4792,0,0,0,1
128,128000,0.5073,-0.0534,-0.4585,-0.0045,52.4795,36.9475,-88.9995,0,0,0,1
129,129000,0.4228,0.1196,-0.5507,-0.0083,27.4860,60.3975,-88.2940,0,0,0,1
130,130000,0.2865,0.2964,-0.5590,0.0240,0.1914,78.0949,-77.6957,0,0,0,1
131,131000,0.1191,0.4200,-0.5354,0.0038,-27.9422,87.8395,-59.9976,0,0,0,1
132,132000,-0.0541,0.5164,-0.4568,0.0055,-52.5073,89.5151,-36.6009,0,0,0,1
133,133000,-0.2353,0.5737,-0.3333,0.0051,-73.0536,81.9753,-9.3929,0,0,0,1
134,134000,-0.3661,0.5589,-0.1808,0.0120,-85.5564,66.3149,18.3971,0,0,0,1
135,135000,-0.4943,0.4820,-0.0045,-0.0169,-90.0552,45.2747,44.9990,0,0,0,1
136,136000,-0.5436,0.3681,0.1808,0.0052,-85.2778,18.4879,67.1582,0,0,0,1
137,137000,-0.5532,0.2367,0.3410,0.0245,-72.5061,-9.1224,82.3592,0,0,0,1
138,138000,-0.5133,0.0662,0.4472,0.0000,-52.9871,-36.3809,89.0527,0,0,0,1
139,139000,-0.4174,-0.1200,0.5324,-0.0049,-28.1127,-59.6542,87.5910,0,0,0,1
140,140000,-0.2957,-0.2721,0.5560,-0.0117,-0.4328,-77.9101,78.0763,0,0,0,1
141,141000,-0.1065,-0.4327,0.5413,0.0021,27.3339,-87.9143,59.7570,0,0,0,1
142,142000,0.0513,-0.5213,0.4448,-0.0251,52.5742,-89.4526,36.8701,0,0,0,1
143,143000,0.2235,-0.5572,0.3373,0.0036,72.3483,-82.0359,9.5736,0,0,0,1
144,144000,0.3906,-0.5545,0.1638,-0.0001,85.3629,-66.4385,-19.0275,0,0,0,1
145,145000,0.4930,-0.4772,-0.0130,0.0028,90.0680,-44.6167,-45.2617,0,0,0,1
146,146000,0.5570,-0.3669,-0.1807,0.0094,85.7519,-18.9815,-66.7978,0,0,0,1
147,147000,0.5628,-0.2414,-0.3372,-0.0158,72.8704,9.5203,-82.3751,0,0,0,1
148,148000,0.5266,-0.0615,-0.4649,0.0003,52.7370,36.7725,-89.0450,0,0,0,1
149,149000,0.4159,0.1059,-0.5308,-0.0090,27.7588,59.9831,-87.9771,0,0,0,1
150,150000,0.2875,0.2900,-0.5734,0.0041,-0.3129,77.7114,-77.5107,0,0,0,1
151,151000,0.1152,0.4192,-0.5297,0.0047,-27.8357,88.1685,-60.2219,0,0,0,1
152,152000,-0.0724,0.5029,-0.4451,-0.0146,-53.1100,89.5977,-36.9038,0,0,0,1
153,153000,-0.2353,0.5531,-0.3252,-0.0074,-72.2287,81.6559,-9.2443,0,0,0,1
154,154000,-0.3745,0.5408,-0.1688,-0.0025,-85.0573,66.8635,18.8175,0,0,0,1
155,155000,-0.4893,0.4871,0.0015,-0.0007,-89.9981,45.0698,44.7316,0,0,0,1
156,156000,-0.5465,0.3646,0.1756,-0.0063,-85.0512,18.4757,67.1229,0,0,0,1
157,157000,-0.5569,0.2217,0.3407,0.0055,-72.7099,-9.3483,82.1863,0,0,0,1
158,158000,-0.5112,0.0671,0.4491,0.0050,-52.4435,-36.6167,89.1444,0,0,0,1
159,159000,-0.4335,-0.1112,0.5274,-0.0173,-27.9029,-59.8821,88.2938,0,0,0,1
160,160000,-0.2890,-0.2814,0.5730,0.0026,-0.3657,-77.7626,77.4764,0,0,0,1
161,161000,-0.1310,-0.4178,0.5458,-0.0030,28.0206,-88.0843,60.3012,0,0,0,1
162,162000,0.0729,-0.5292,0.4612,0.0049,52.4418,-89.4367,36.4002,0,0,0,1
163,163000,0.2173,-0.5732,0.3392,-0.0167,72.7971,-82.2312,9.3461,0,0,0,1
164,164000,0.3922,-0.5395,0.1860,0.0386,85.6931,-66.6864,-18.5588,0,0,0,1
165,165000,0.4908,-0.4941,0.0081,0.0048,89.9004,-45.1008,-44.7143,0,0,0,1
166,166000,0.5582,-0.3780,-0.1797,0.0006,85.6113,-18.9002,-66.6713,0,0,0,1
167,167000,0.5717,-0.2415,-0.3232,0.0071,72.5370,9.5783,-82.4252,0,0,0,1
168,168000,0.5044,-0.0598,-0.4613,-0.0168,53.1406,36.4825,-89.2990,0,0,0,1
169,169000,0.4229,0.1146,-0.5380,-0.0005,27.7713,59.8855,-87.9207,0,0,0,1
170,170000,0.2811,0.2825,-0.5565,0.0072,0.3871,78.2068,-78.1012,0,0,0,1
171,171000,0.1071,0.4099,-0.5277,-0.0108,-27.5646,88.0357,-60.4408,0,0,0,1
172,172000,-0.0673,0.5238,-0.4613,-0.0049,-52.8156,89.7214,-36.1251,0,0,0,1
173,173000,-0.2272,0.5519,-0.3455,-0.0209,-72.7436,82.1142,-9.6996,0,0,0,1
174,174000,-0.3822,0.5478,-0.1666,-0.0010,-84.9778,66.7326,18.3521,0,0,0,1
175,175000,-0.4874,0.5010,-0.0080,0.0056,-90.2200,45.2567,45.1939,0,0,0,1
176,176000,-0.5536,0.3742,0.1725,-0.0069,-85.7580,19.0062,66.8109,0,0,0,1
177,177000,-0.5607,0.2380,0.3387,0.0160,-72.3020,-9.4104,82.1447,0,0,0,1
178,178000,-0.5094,0.0580,0.4562,0.0049,-52.7874,-36.5759,89.6516,0,0,0,1
179,179000,-0.4253,-0.1130,0.5304,-0.0078,-27.4850,-60.1789,87.7580,0,0,0,1
180,180000,-0.2817,-0.2718,0.5698,0.0163,0.4114,-77.5699,78.1104,0,0,0,1
181,181000,-0.1118,-0.4120,0.5397,0.0160,27.8189,-87.6657,59.7598,0,0,0,1
182,182000,0.0608,-0.5134,0.4450,-0.0076,52.5155,-89.2536,36.5940,0,0,0,1
183,183000,0.2213,-0.5514,0.3448,0.0148,72.6399,-82.3908,9.1005,0,0,0,1
184,184000,0.3649,-0.5605,0.1858,-0.0098,85.6763,-66.5606,-18.7236,0,0,0,1
185,185000,0.4986,-0.4927,0.0102,0.0161,89.9106,-45.3160,-45.3355,0,0,0,1
186,186000,0.5515,-0.3683,-0.1817,0.0015,85.3424,-18.8375,-67.0914,0,0,0,1
187,187000,0.5513,-0.2402,-0.3441,-0.0330,72.3635,9.1686,-82.2233,0,0,0,1
188,188000,0.5142,-0.0559,-0.4710,-0.0128,52.4946,36.3740,-89.7191,0,0,0,1
189,189000,0.4173,0.1151,-0.5415,-0.0091,27.5926,59.9398,-87.5576,0,0,0,1
190,190000,0.2721,0.2900,-0.5659,-0.0038,-0.2671,77.8590,-77.5551,0,0,0,1
191,191000,0.1144,0.4080,-0.5406,-0.0183,-28.1000,87.8204,-60.1119,0,0,0,1
192,192000,-0.0617,0.5277,-0.4445,0.0214,-53.0309,89.1153,-36.3736,0,0,0,1
193,193000,-0.2373,0.5707,-0.3351,-0.0017,-72.6124,81.8743,-9.7619,0,0,0,1
194,194000,-0.3747,0.5666,-0.1611,0.0308,-85.6851,66.6315,18.9268,0,0,0,1
195,195000,-0.4888,0.5015,-0.0141,-0.0014,-89.8831,44.8640,44.8756,0,0,0,1
196,196000,-0.5440,0.3919,0.1871,0.0349,-85.6081,18.2249,66.7293,0,0,0,1
197,197000,-0.5598,0.2267,0.3362,0.0031,-72.3566,-9.5216,82.1262,0,0,0,1
198,198000,-0.5165,0.0659,0.4520,0.0014,-53.1999,-36.4742,89.2286,0,0,0,1
199,199000,-0.4311,-0.1160,0.5361,-0.0110,-28.0779,-60.2958,87.9512,0,0,0,1
200,200000,-0.2699,-0.2777,0.5589,0.0113,-0.1632,-77.9231,78.0087,0,0,0,1
201,201000,-0.1189,-0.4067,0.5369,0.0112,27.5261,-87.9942,60.1871,0,0,0,1
202,202000,0.0454,-0.5126,0.4570,-0.0102,52.9640,-89.7698,36.8915,0,0,0,1
203,203000,0.2350,-0.5514,0.3399,0.0235,72.5836,-81.8671,9.4224,0,0,0,1
204,204000,0.3866,-0.5653,0.1842,0.0056,85.5527,-67.1666,-18.5194,0,0,0,1
205,205000,0.4948,-0.4811,-0.0040,0.0097,89.6826,-44.6132,-45.1972,0,0,0,1
206,206000,0.5609,-0.3924,-0.1625,0.0060,85.5957,-18.7070,-66.7951,0,0,0,1
207,207000,0.5547,-0.2363,-0.3365,-0.0181,72.2303,9.7667,-82.4180,0,0,0,1
208,208000,0.5200,-0.0530,-0.4578,0.0092,52.6149,36.2922,-89.4457,0,0,0,1
209,209000,0.4142,0.1235,-0.5466,-0.0089,28.1176,59.8364,-87.5635,0,0,0,1
210,210000,0.2799,0.2848,-0.5642,0.0005,0.3322,77.7764,-77.6382,0,0,0,1
211,211000,0.1195,0.4222,-0.5485,-0.0068,-27.5904,87.4616,-60.4884,0,0,0,1
212,212000,-0.0659,0.5091,-0.4497,-0.0065,-52.7289,89.3433,-36.8077,0,0,0,1
213,213000,-0.2251,0.5680,-0.3395,0.0035,-72.2197,82.0793,-9.3342,0,0,0,1
214,214000,-0.3798,0.5573,-0.1875,-0.0100,-85.0255,67.1432,19.0676,0,0,0,1
215,215000,-0.4918,0.4835,-0.0009,-0.0092,-89.3699,45.0691,44.7829,0,0,0,1
216,216000,-0.5460,0.3707,0.1725,-0.0027,-85.0741,18.4741,66.6993,0,0,0,1
217,217000,-0.5766,0.2183,0.3191,-0.0392,-72.9358,-9.3237,82.2630,0,0,0,1
218,218000,-0.5033,0.0471,0.4482,-0.0080,-52.8601,-36.7554,89.1527,0,0,0,1
219,219000,-0.4168,-0.1182,0.5406,0.0056,-28.1164,-59.8210,87.9654,0,0,0,1
220,220000,-0.2875,-0.2939,0.5612,-0.0203,-0.2242,-78.0167,77.3816,0,0,0,1
221,221000,-0.1223,-0.4078,0.5414,0.0112,28.0184,-87.6043,60.3349,0,0,0,1
222,222000,0.0627,-0.5285,0.4445,-0.0214,52.8626,-89.7172,36.3632,0,0,0,1
223,223000,0.2399,-0.5731,0.3309,-0.0023,72.2709,-81.6733,9.2099,0,0,0,1
224,224000,0.3821,-0.5483,0.1690,0.0028,85.0288,-66.6921,-18.7800,0,0,0,1
225,225000,0.4785,-0.4974,0.0045,-0.0145,90.0409,-44.8179,-45.3469,0,0,0,1
226,226000,0.5500,-0.3678,-0.1793,0.0029,85.6839,-18.5664,-66.3523,0,0,0,1
227,227000,0.5706,-0.2349,-0.3437,-0.0081,72.6203,9.1120,-81.9643,0,0,0,1
228,228000,0.5045,-0.0678,-0.4538,-0.0170,53.0516,36.5967,-89.5415,0,0,0,1
229,229000,0.4182,0.1160,-0.5296,0.0046,27.9560,59.8670,-88.2467,0,0,0,1
230,230000,0.2775,0.2958,-0.5710,0.0023,-0.0576,78.0102,-77.4358,0,0,0,1
231,231000,0.1254,0.4150,-0.5417,-0.0013,-28.0709,87.7109,-60.5395,0,0,0,1
232,232000,-0.0567,0.5043,-0.4482,-0.0006,-52.6316,89.3290,-36.2087,0,0,0,1
233,233000,-0.2323,0.5541,-0.3244,-0.0026,-72.9351,82.4166,-9.5305,0,0,0,1
234,234000,-0.3738,0.5670,-0.1796,0.0136,-85.2438,66.8349,18.7439,0,0,0,1
235,235000,-0.4768,0.4876,-0.0013,0.0095,-89.7103,44.6040,45.1670,0,0,0,1
236,236000,-0.5663,0.3645,0.1672,-0.0346,-85.6708,18.4247,66.8566,0,0,0,1
237,237000,-0.5700,0.2429,0.3393,0.0122,-72.4509,-9.5395,81.7851,0,0,0,1
238,238000,-0.5257,0.0553,0.4444,-0.0261,-52.3517,-36.9138,88.9770,0,0,0,1
239,239000,-0.4263,-0.1152,0.5251,-0.0164,-28.0287,-59.8592,87.4295,0,0,0,1
240,240000,-0.2914,-0.2719,0.5612,-0.0022,-0.2927,-77.5852,77.8307,0,0,0,1
241,241000,-0.1267,-0.4107,0.5245,-0.0129,27.3245,-87.4831,60.2571,0,0,0,1
242,242000,0.0557,-0.5278,0.4521,-0.0199,53.0499,-88.9309,36.2975,0,0,0,1
243,243000,0.2388,-0.5501,0.3466,0.0353,72.8061,-81.6212,9.7310,0,0,0,1
244,244000,0.3892,-0.5634,0.1831,0.0090,85.0284,-66.3643,-18.9504,0,0,0,1
245,245000,0.4865,-0.4871,-0.0072,-0.0079,89.7017,-44.4789,-45.3149,0,0,0,1
246,246000,0.5566,-0.3775,-0.1797,-0.0006,85.1396,-18.4134,-67.1465,0,0,0,1
247,247000,0.5709,-0.2201,-0.3216,0.0292,72.9964,9.8089,-82.3109,0,0,0,1
248,248000,0.5049,-0.0545,-0.4574,-0.0070,52.7654,36.1401,-89.0969,0,0,0,1
249,249000,0.4245,0.1176,-0.5430,-0.0010,27.7625,60.0656,-87.9652,0,0,0,1
250,250000,0.2883,0.2827,-0.5685,0.0026,0.1937,77.5737,-77.4035,0,0,0,1
251,251000,0.1200,0.4125,-0.5277,0.0047,-28.1704,87.5852,-60.1912,0,0,0,1
252,252000,-0.0646,0.5188,-0.4612,-0.0070,-52.4426,89.7138,-36.4855,0,0,0,1
253,253000,-0.2404,0.5610,-0.3301,-0.0095,-73.0352,81.9164,-9.4194,0,0,0,1
254,254000,-0.3751,0.5524,-0.1662,0.0111,-85.4852,66.6635,18.5092,0,0,0,1
255,255000,-0.4932,0.4824,-0.0040,-0.0148,-90.1024,45.0379,44.5323,0,0,0,1
256,256000,-0.5436,0.3826,0.1869,0.0258,-85.4073,18.9303,66.3846,0,0,0,1
257,257000,-0.5747,0.2216,0.3277,-0.0254,-73.0762,-9.6606,81.8726,0,0,0,1
258,258000,-0.5079,0.0528,0.4717,0.0166,-52.6269,-36.3462,89.7703,0,0,0,1
259,259000,-0.4132,-0.1059,0.5323,0.0131,-27.5389,-60.5391,88.1414,0,0,0,1
260,260000,-0.2748,-0.2855,0.5701,0.0097,-0.0864,-77.7099,77.7566,0,0,0,1
261,261000,-0.1173,-0.4303,0.5303,-0.0173,27.9888,-87.9440,60.3215,0,0,0,1
262,262000,0.0584,-0.5087,0.4639,0.0137,52.8059,-89.0912,36.4962,0,0,0,1
263,263000,0.2383,-0.5714,0.3381,0.0050,72.4937,-81.8071,9.1273,0,0,0,1
264,264000,0.3771,-0.5569,0.1643,-0.0155,85.4713,-66.6757,-18.2753,0,0,0,1
265,265000,0.4760,-0.4804,-0.0023,-0.0067,90.0934,-45.0512,-44.7405,0,0,0,1
266,266000,0.5506,-0.3775,-0.1883,-0.0152,85.6690,-18.8297,-66.4890,0,0,0,1
267,267000,0.5745,-0.2173,-0.3288,0.0284,72.3505,9.2357,-81.9572,0,0,0,1
268,268000,0.5198,-0.0455,-0.4607,0.0135,53.1213,36.2652,-89.2916,0,0,0,1
269,269000,0.4116,0.1196,-0.5268,0.0043,27.4027,60.0542,-88.2173,0,0,0,1
270,270000,0.2717,0.2696,-0.5660,-0.0247,0.0475,77.9515,-78.0631,0,0,0,1
271,271000,0.1054,0.4143,-0.5335,-0.0138,-27.3384,87.6122,-60.4839,0,0,0,1
272,272000,-0.0716,0.5075,-0.4602,-0.0243,-52.7751,89.6457,-36.8389,0,0,0,1
273,273000,-0.2411,0.5620,-0.3196,0.0012,-72.6288,81.6624,-9.0597,0,0,0,1
274,274000,-0.3890,0.5514,-0.1755,-0.0131,-85.6831,66.9336,18.7667,0,0,0,1
275,275000,-0.4775,0.4900,-0.0064,0.0061,-89.7360,45.0733,44.4649,0,0,0,1
276,276000,-0.5634,0.3757,0.1755,-0.0122,-85.8104,18.9497,67.1138,0,0,0,1
277,277000,-0.5519,0.2322,0.3265,0.0069,-72.6973,-9.1751,82.3919,0,0,0,1
278,278000,-0.5180,0.0651,0.4608,0.0079,-52.6118,-36.7128,89.6010,0,0,0,1
279,279000,-0.4296,-0.1063,0.5368,0.0009,-27.9796,-59.8882,88.2209,0,0,0,1
280,280000,-0.2918,-0.2859,0.5583,-0.0193,0.0616,-77.3815,78.1145,0,0,0,1
281,281000,-0.1240,-0.4263,0.5436,-0.0067,27.8693,-87.4781,60.2975,0,0,0,1
282,282000,0.0511,-0.5029,0.4717,0.0199,52.7859,-89.2752,36.1506,0,0,0,1
283,283000,0.2189,-0.5675,0.3255,-0.0231,72.9009,-82.0938,9.3936,0,0,0,1
284,284000,0.3774,-0.5478,0.1714,0.0011,85.0355,-66.5210,-18.4526,0,0,0,1
285,285000,0.5000,-0.5037,0.0118,0.0080,89.7218,-45.2534,-45.0626,0,0,0,1
286,286000,0.5604,-0.3907,-0.1821,-0.0125,85.4051,-18.6300,-66.3411,0,0,0,1
287,287000,0.5524,-0.2204,-0.3461,-0.0141,72.9493,9.0923,-82.4085,0,0,0,1
288,288000,0.5110,-0.0622,-0.4502,-0.0015,52.8228,36.1515,-89.1633,0,0,0,1
289,289000,0.4106,0.1096,-0.5330,-0.0129,27.6268,59.6796,-88.1069,0,0,0,1
290,290000,0.2884,0.2917,-0.5596,0.0205,0.3022,77.9084,-77.4252,0,0,0,1
291,291000,0.1145,0.4077,-0.5303,-0.0080,-27.9264,87.4071,-59.8578,0,0,0,1
292,292000,-0.0470,0.5094,-0.4599,0.0025,-52.9043,88.9556,-36.0914,0,0,0,1
293,293000,-0.2347,0.5674,-0.3217,0.0110,-72.9380,81.7988,-9.1215,0,0,0,1
294,294000,-0.3692,0.5439,-0.1859,-0.0112,-85.7171,66.6695,18.5183,0,0,0,1
295,295000,-0.4881,0.4816,0.0124,0.0059,-90.0935,44.9448,44.5667,0,0,0,1
296,296000,-0.5614,0.3693,0.1696,-0.0225,-85.5476,18.5856,66.6457,0,0,0,1
297,297000,-0.5638,0.2390,0.3288,0.0040,-73.0513,-9.2535,81.6611,0,0,0,1
298,298000,-0.5247,0.0619,0.4464,-0.0164,-52.9700,-36.0970,89.3551,0,0,0,1
299,299000,-0.4065,-0.1269,0.5408,0.0074,-27.4395,-59.6854,88.2843,0,0,0,1
300,300000,-1.2672,-0.2695,0.5609,-0.9758,0.1598,-77.6078,77.9033,0,0,0,1
301,301000,-0.5184,-0.4104,0.5333,-0.3955,3.9996,-87.8680,60.1952,0,0,0,1
302,302000,0.2685,-0.5128,0.4601,0.2158,7.8131,-89.5629,36.9695,0,0,0,1
303,303000,1.0278,-0.5514,0.3392,0.8157,11.0037,-82.2214,9.6192,1,0,0,1
304,304000,1.7067,-0.5569,0.1650,1.3148,12.4176,-66.9279,-18.9390,1,0,0,1
305,305000,2.1915,-0.4871,0.0068,1.7111,13.8525,-44.5068,-45.0612,1,0,0,1
306,306000,2.4837,-0.3711,-0.1613,1.9512,12.9418,-18.6548,-66.6123,1,0,0,1
307,307000,2.5257,-0.2203,-0.3398,1.9656,10.4714,9.2366,-82.0144,1,0,0,1
308,308000,2.3370,-0.0662,-0.4514,1.8193,8.0670,36.6992,-89.2256,1,0,0,1
309,309000,1.8884,0.1160,-0.5275,1.4768,4.0029,59.6541,-88.2382,1,0,0,1
310,310000,1.2641,0.2727,-0.5772,0.9596,0.1207,77.5161,-77.6986,1,0,0,1
311,311000,0.5386,0.4129,-0.5316,0.4199,-3.7753,87.4731,-60.2670,1,0,0,1
312,312000,-0.2598,0.5076,-0.4637,-0.2159,-8.1479,89.0971,-36.5774,1,0,0,1
313,313000,-1.0315,0.5705,-0.3191,-0.7801,-11.1041,81.6725,-9.4796,1,0,0,1
314,314000,-1.7127,0.5535,-0.1674,-1.3267,-12.8655,66.9563,18.9606,1,0,0,1
315,315000,-2.1962,0.4865,0.0073,-1.7024,-13.9035,45.2253,45.2859,1,0,0,1
316,316000,-2.4873,0.3849,0.1738,-1.9286,-13.1247,18.4555,66.7036,1,0,0,1
317,317000,-2.5352,0.2180,0.3316,-1.9856,-10.8040,-9.7145,81.7396,1,0,0,1
318,318000,-2.3343,0.0592,0.4574,-1.8177,-8.3563,-36.3285,89.7049,1,0,0,1
319,319000,-1.8793,-0.1212,0.5420,-1.4585,-3.7406,-60.1071,87.9313,1,0,0,1
320,320000,-1.2754,-0.2709,0.5675,-0.9787,-0.4142,-77.8852,77.5071,1,0,0,1
321,321000,-0.5311,-0.4087,0.5383,-0.4015,3.9433,-87.6524,60.0875,1,0,0,1
322,322000,0.2714,-0.5125,0.4643,0.2232,8.0952,-88.9395,36.2995,1,0,0,1
323,323000,1.0222,-0.5589,0.3381,0.8014,11.1805,-81.8913,9.5187,1,0,0,1
324,324000,1.6966,-0.5482,0.1777,1.3261,12.7728,-66.9660,-18.2677,1,0,0,1
325,325000,2.2142,-0.4822,0.0118,1.7438,13.0342,-44.7776,-44.9992,1,0,0,1
326,326000,2.4924,-0.3780,-0.1770,1.9374,13.1730,-18.9530,-66.4491,1,0,0,1
327,327000,2.5246,-0.2169,-0.3358,1.9720,10.7216,9.5305,-82.2222,1,0,0,1
328,328000,2.3230,-0.0527,-0.4538,1.8165,8.2568,36.1616,-89.0741,1,0,0,1
329,329000,1.8873,0.1246,-0.5409,1.4711,3.8422,60.4839,-88.0243,1,0,0,1
330,330000,1.2866,0.2687,-0.5601,0.9952,0.2842,77.3954,-77.7593,1,0,0,1
331,331000,0.5336,0.4111,-0.5322,0.4125,-3.9538,87.7394,-60.3689,1,0,0,1
332,332000,-0.2751,0.5154,-0.4665,-0.2262,-7.5160,89.6050,-36.9270,1,0,0,1
333,333000,-1.0444,0.5558,-0.3351,-0.8237,-10.6665,82.4110,-9.2743,1,0,1,1
334,334000,-1.6998,0.5439,-0.1783,-1.3342,-12.4820,66.5595,18.4730,1,0,1,1
335,335000,-2.2090,0.4893,-0.0113,-1.7310,-13.3953,45.0625,44.5131,1,0,1,1
336,336000,-2.4828,0.3808,0.1634,-1.9386,-13.2554,19.1115,66.7653,1,0,1,1
337,337000,-2.5456,0.2439,0.3447,-1.9570,-10.8067,-9.1534,82.0257,1,0,1,1
338,338000,-2.3301,0.0555,0.4718,-1.8029,-7.9821,-36.1805,89.6072,1,0,1,1
339,339000,-1.8793,-0.1211,0.5339,-1.4664,-4.0149,-60.4954,87.6995,1,0,1,1
340,340000,-1.2841,-0.2772,0.5767,-0.9847,-0.0387,-77.5795,77.4574,1,0,1,1
341,341000,-0.5264,-0.4266,0.5469,-0.4061,4.4946,-87.6730,59.9795,1,0,1,1
342,342000,0.2694,-0.5175,0.4488,0.2008,8.0615,-89.4006,36.9676,1,0,1,1
343,343000,1.0483,-0.5763,0.3197,0.7917,11.1800,-82.1753,9.6644,1,0,1,1
344,344000,1.6984,-0.5503,0.1780,1.3261,12.7628,-66.8349,-19.0495,1,0,1,1
345,345000,2.2025,-0.4777,0.0101,1.7349,13.8597,-44.4700,-44.5434,1,0,1,1
346,346000,2.4966,-0.3871,-0.1742,1.9352,12.6277,-18.9940,-66.6807,1,0,1,1
347,347000,2.5417,-0.2406,-0.3381,1.9630,10.9034,9.6548,-81.8943,1,0,1,1
348,348000,2.3269,-0.0685,-0.4685,1.7898,8.2554,36.4827,-89.1765,1,0,1,1
349,349000,1.8844,0.1248,-0.5496,1.4596,3.9041,60.2412,-87.9104,1,0,1,1
350,350000,1.2789,0.2950,-0.5582,1.0157,-0.3052,78.1434,-78.0329,1,0,1,1
351,351000,0.5224,0.4316,-0.5483,0.4057,-4.1844,87.5134,-60.0667,1,0,1,1
352,352000,-0.2597,0.5222,-0.4454,-0.1829,-8.2866,89.6567,-36.2917,1,0,1,1
353,353000,-1.0325,0.5591,-0.3258,-0.7993,-10.7699,82.2450,-9.4945,1,0,1,1
354,354000,-1.6993,0.5634,-0.1826,-1.3185,-12.7572,67.0223,18.3283,1,0,1,1
355,355000,-2.2162,0.4967,0.0069,-1.7126,-13.8412,45.3000,44.5625,1,0,1,1
356,356000,-2.4937,0.3914,0.1607,-1.9416,-12.4955,18.7426,66.3518,1,0,1,1
357,357000,-2.5306,0.2437,0.3287,-1.9583,-10.5875,-9.5502,82.2108,1,0,1,1
358,358000,-2.3171,0.0620,0.4547,-1.8004,-7.9010,-36.7805,89.3570,1,0,1,1
359,359000,-1.8929,-0.1051,0.5380,-1.4599,-4.4822,-59.7948,87.8122,1,0,1,1
360,360000,-1.2699,-0.2782,0.5714,-0.9767,-0.3181,-77.5111,77.8706,1,0,1,1
361,361000,-0.5347,-0.4310,0.5438,-0.4219,4.6035,-87.4057,60.0782,1,0,1,1
362,362000,0.2754,-0.5110,0.4713,0.2356,7.9143,-89.4333,36.3810,1,0,1,1
363,363000,1.0447,-0.5560,0.3382,0.8268,10.6393,-81.7709,8.9863,1,0,1,1
364,364000,1.7137,-0.5537,0.1885,1.3485,12.5245,-66.8424,-18.5305,1,0,1,1
365,365000,2.2144,-0.4885,0.0050,1.7309,13.9132,-45.0533,-44.4669,1,0,1,1
366,366000,2.4972,-0.3777,-0.1693,1.9503,12.7150,-18.8684,-67.0191,1,0,1,1
367,367000,2.5417,-0.2405,-0.3302,1.9710,10.8038,9.6148,-81.7757,1,0,1,1
368,368000,2.3354,-0.0603,-0.4679,1.8072,8.1070,36.2288,-89.1466,1,0,1,1
369,369000,1.8858,0.1096,-0.5313,1.4641,3.8441,60.3208,-88.2928,1,0,1,1
370,370000,1.2792,0.2879,-0.5757,0.9914,0.0680,78.2205,-77.3772,1,0,1,1
371,371000,0.5272,0.4324,-0.5246,0.4350,-3.8563,87.4892,-60.3855,1,0,1,1
372,372000,-0.2787,0.5210,-0.4444,-0.2021,-7.4874,89.4065,-36.4169,1,0,1,1
373,373000,-1.0381,0.5553,-0.3272,-0.8100,-11.3178,82.0395,-8.9799,1,0,1,1
374,374000,-1.6990,0.5587,-0.1703,-1.3106,-12.9248,67.0105,18.9230,1,0,1,1
375,375000,-2.1942,0.4835,-0.0038,-1.7144,-13.3372,45.0449,44.5660,1,0,1,1
376,376000,-2.5018,0.3833,0.1613,-1.9572,-12.8225,18.6823,66.8108,1,0,1,1
377,377000,-2.5296,0.2370,0.3235,-1.9691,-11.1025,-9.1238,82.0355,1,0,1,1
378,378000,-2.3214,0.0612,0.4453,-1.8150,-7.9783,-36.8907,89.6898,1,0,1,1
379,379000,-1.8834,-0.1088,0.5396,-1.4526,-4.4462,-60.5291,87.8847,1,0,1,1
380,380000,-1.2640,-0.2823,0.5717,-0.9745,-0.0103,-77.7057,78.0423,1,0,1,1
381,381000,-0.5399,-0.4072,0.5290,-0.4181,4.3904,-87.4949,60.1867,1,0,1,1
382,382000,0.2570,-0.5083,0.4472,0.1959,7.9679,-89.6612,36.2671,1,0,1,1
383,383000,1.0258,-0.5526,0.3461,0.8192,10.9554,-82.4674,9.3937,1,0,1,1
384,384000,1.6995,-0.5555,0.1607,1.3046,12.8527,-66.3454,-18.8526,1,0,1,1
385,385000,2.2172,-0.4819,-0.0016,1.7337,13.4897,-44.7644,-44.8381,1,0,1,1
386,386000,2.4955,-0.3648,-0.1737,1.9570,12.8332,-18.8063,-67.0059,1,0,1,1
387,387000,2.5203,-0.2375,-0.3382,1.9446,11.1864,9.1080,-81.7510,1,0,1,1
388,388000,2.3384,-0.0672,-0.4682,1.8031,8.0105,36.4043,-89.2128,1,0,1,1
389,389000,1.8797,0.1143,-0.5408,1.4531,3.9431,60.4603,-88.2263,1,0,1,1
390,390000,1.2658,0.2883,-0.5778,0.9764,-0.0671,77.8140,-77.5728,1,0,1,1
391,391000,0.5433,0.4117,-0.5335,0.4214,-3.9864,87.7371,-59.8099,1,0,1,1
392,392000,-0.2631,0.5070,-0.4595,-0.2157,-7.9909,89.7649,-36.9567,1,0,1,1
393,393000,0.0029,-0.0106,0.0014,-0.0063,-73.0410,81.6995,-9.7780,0,0,1,0
394,394000,0.0040,-0.0047,0.0104,0.0097,-85.5420,66.5416,18.4272,0,0,1,0
395,395000,-0.0139,0.0133,-0.0112,-0.0118,-89.9250,44.7983,45.2896,0,0,1,0
396,396000,-0.0092,-0.0055,-0.0003,-0.0149,-85.2137,18.9621,66.7713,0,0,1,0
397,397000,0.0057,0.0015,0.0112,0.0183,-72.3334,-9.2917,81.7540,0,0,1,0
398,398000,0.0126,-0.0044,0.0132,0.0215,-52.8909,-36.3142,89.3511,0,0,1,0
399,399000,0.0027,-0.0007,-0.0139,-0.0119,-27.4402,-60.4322,87.8641,0,0,1,0
400,400000,-0.0097,-0.0034,-0.0126,-0.0258,-0.3356,-77.5703,77.9842,0,0,1,0
401,401000,0.0134,-0.0071,0.0058,0.0122,27.9406,-87.7543,59.8131,0,0,1,0
402,402000,0.0138,0.0001,-0.0020,0.0118,53.0598,-89.5240,36.9276,0,0,1,0
403,403000,0.0108,-0.0055,0.0127,0.0179,72.9436,-81.7283,9.3042,0,0,1,0
404,404000,-0.0053,-0.0119,0.0126,-0.0046,85.0507,-66.5387,-18.9743,0,0,1,0
405,405000,-0.0125,0.0015,0.0106,-0.0004,90.0332,-44.9137,-44.4922,0,0,1,0
406,406000,-0.0022,0.0065,0.0004,0.0048,85.4266,-18.6918,-66.2980,0,0,1,0
407,407000,0.0110,-0.0027,0.0116,0.0199,72.8393,9.4926,-81.8289,0,0,1,0
408,408000,0.0061,0.0071,0.0068,0.0199,52.9737,36.3012,-88.9177,0,0,1,0
409,409000,0.0091,0.0008,0.0030,0.0130,28.0958,60.1958,-87.4346,0,0,1,0
410,410000,0.0049,0.0007,-0.0120,-0.0064,0.3430,77.5348,-77.4769,0,0,1,0
411,411000,0.0004,-0.0022,-0.0036,-0.0054,-27.3478,87.7434,-60.4451,0,0,1,0
412,412000,0.0117,0.0011,-0.0108,0.0020,-53.0165,89.5619,-36.7113,0,0,1,0
413,413000,-0.0058,0.0067,-0.0080,-0.0071,-72.9193,82.1116,-9.5635,0,0,1,0
414,414000,0.0123,0.0092,-0.0010,0.0204,-85.2904,66.3280,18.7793,0,0,0,0
415,415000,-0.0003,0.0033,-0.0041,-0.0012,-89.9442,44.7533,44.4629,0,0,0,0
416,416000,0.0110,-0.0041,-0.0002,0.0067,-85.7007,18.3155,66.3723,0,0,0,0
417,417000,0.0004,-0.0106,-0.0097,-0.0200,-72.9726,-9.3995,82.1904,0,0,0,0
418,418000,-0.0077,-0.0057,-0.0090,-0.0224,-52.8857,-36.5953,89.6024,0,0,0,0
419,419000,-0.0111,0.0096,-0.0041,-0.0056,-27.8094,-60.4014,87.7926,0,0,0,0
420,420000,-0.0040,-0.0085,-0.0130,-0.0255,0.3328,-78.0606,77.6870,0,0,0,0
421,421000,0.0069,-0.0096,-0.0006,-0.0033,28.1144,-88.1223,60.2461,0,0,0,0
422,422000,-0.0066,0.0014,0.0061,0.0009,52.7208,-89.0533,36.3736,0,0,0,0
423,423000,0.0075,0.0001,0.0097,0.0172,73.0044,-81.6693,9.2884,0,0,0,0
424,424000,-0.0110,-0.0135,0.0000,-0.0246,85.0666,-67.0546,-18.4334,0,0,0,0
425,425000,-0.0075,-0.0045,0.0067,-0.0052,89.9748,-44.4794,-44.9663,0,0,0,0
426,426000,-0.0060,0.0074,-0.0098,-0.0084,85.4061,-18.9001,-66.7352,0,0,0,0
427,427000,-0.0071,0.0103,-0.0071,-0.0039,72.9011,9.8321,-81.7618,0,0,0,0
428,428000,-0.0085,0.0088,0.0001,0.0003,52.9771,36.7116,-89.6089,0,0,0,0
429,429000,0.0139,0.0038,-0.0104,0.0073,27.8362,59.8547,-88.2666,0,0,0,0
430,430000,0.0139,-0.0021,-0.0116,0.0002,0.3854,77.8864,-78.1851,0,0,0,0
431,431000,-0.0026,0.0038,-0.0046,-0.0035,-27.9281,87.6107,-60.1164,0,0,0,0
432,432000,0.0003,-0.0055,-0.0062,-0.0115,-52.6625,89.1154,-36.6647,0,0,0,0
433,433000,-0.0023,-0.0128,-0.0127,-0.0278,-72.8234,81.6374,-9.1684,0,0,0,0
434,434000,-0.0081,0.0116,-0.0089,-0.0055,-85.4439,66.3867,19.0762,0,0,0,0
435,435000,-0.0039,-0.0114,0.0015,-0.0138,-89.9903,44.4705,45.2324,0,0,0,0
436,436000,-0.0048,-0.0039,0.0008,-0.0079,-85.2021,18.9239,66.6299,0,0,0,0
437,437000,0.0042,-0.0033,-0.0105,-0.0095,-72.9220,-9.0404,82.2676,0,0,0,0
438,438000,-0.0107,0.0117,-0.0088,-0.0078,-52.7140,-36.3923,89.5064,0,0,0,0
439,439000,0.0120,0.0013,0.0064,0.0197,-28.1361,-60.2388,88.2917,0,0,0,0
440,440000,-0.0084,-0.0129,0.0014,-0.0199,0.1983,-78.0586,77.5595,0,0,0,0
441,441000,0.0107,0.0115,0.0112,0.0333,28.0717,-87.4252,60.0514,0,0,0,0
442,442000,0.0061,-0.0122,0.0122,0.0061,53.1607,-89.3954,36.5344,0,0,0,0
443,443000,-0.0135,0.0056,-0.0129,-0.0208,72.7506,-82.3830,9.4476,0,0,0,0
444,444000,0.0083,0.0068,0.0052,0.0204,85.5928,-66.8373,-18.3410,0,0,0,0
445,445000,0.0133,0.0071,0.0079,0.0283,89.5142,-45.0114,-44.9964,0,0,0,0
446,446000,-0.0065,-0.0096,0.0056,-0.0105,85.1350,-18.9270,-66.4047,0,0,0,0
447,447000,0.0082,0.0059,-0.0056,0.0085,72.6215,9.4107,-82.3009,0,0,0,0
448,448000,0.0059,-0.0093,-0.0074,-0.0108,52.8386,36.1228,-89.7366,0,0,0,0
449,449000,-0.0100,0.0121,0.0082,0.0104,28.0988,59.8915,-87.7241,0,0,0,0
450,450000,-0.0071,0.0010,-0.0043,-0.0104,0.2905,77.3339,-77.6873,0,0,0,0
451,451000,-0.0037,0.0058,0.0063,0.0084,-28.1286,87.8962,-60.1800,0,0,0,0
452,452000,0.0032,-0.0125,0.0092,-0.0002,-52.9492,89.6064,-36.7830,0,0,0,0
453,453000,0.0132,0.0133,0.0135,0.0400,-72.9519,82.0833,-9.1383,0,0,0,0
454,454000,0.0079,0.0070,0.0044,0.0192,-85.7723,66.6393,19.0058,0,0,0,0
455,455000,0.0038,0.0090,-0.0065,0.0062,-89.7689,44.6564,44.9807,0,0,0,0
456,456000,0.0087,-0.0097,0.0064,0.0054,-85.1916,18.4326,66.6273,0,0,0,0
457,457000,0.0114,-0.0090,0.0102,0.0126,-73.0265,-9.6711,81.7703,0,0,0,0
458,458000,-0.0003,0.0042,-0.0095,-0.0056,-52.5856,-36.9611,89.0332,0,0,0,0
459,459000,-0.0030,-0.0122,-0.0072,-0.0224,-27.6574,-60.4821,88.2194,0,0,0,0
460,460000,0.0133,0.0008,0.0087,0.0228,-0.3590,-77.5781,77.8745,0,0,0,0
461,461000,-0.0035,0.0092,0.0041,0.0099,27.3238,-87.6153,59.6879,0,0,0,0
462,462000,-0.0071,-0.0101,-0.0138,-0.0310,52.4177,-89.2082,36.9498,0,0,0,0
463,463000,0.0129,0.0067,0.0059,0.0255,72.3080,-82.1949,9.1208,0,0,0,0
464,464000,-0.0006,-0.0016,-0.0048,-0.0069,85.4752,-67.0478,-18.9838,0,0,0,0
465,465000,-0.0126,0.0036,0.0092,0.0002,89.9871,-45.2458,-45.2640,0,0,0,0
466,466000,-0.0057,0.0095,0.0117,0.0154,85.4292,-18.9952,-67.1728,0,0,0,0
467,467000,-0.0021,0.0044,0.0107,0.0131,72.3448,9.1420,-82.1533,0,0,0,0
468,468000,0.0109,-0.0110,-0.0110,-0.0111,53.0816,36.2341,-89.6803,0,0,0,0
469,469000,0.0129,0.0033,0.0120,0.0281,27.6261,59.7549,-87.4749,0,0,0,0
470,470000,0.0112,-0.0091,0.0028,0.0049,0.0939,77.8091,-77.6206,0,0,0,0
471,471000,-0.0099,-0.0056,-0.0043,-0.0198,-27.6040,88.1372,-60.4534,0,0,0,0
472,472000,0.0118,0.0122,0.0060,0.0300,-52.6465,89.6017,-36.9114,0,0,0,0
473,473000,-0.0141,-0.0099,-0.0051,-0.0291,-72.2726,82.1897,-9.4864,0,0,0,0
474,474000,0.0063,-0.0006,0.0022,0.0079,-85.1623,66.3567,19.0863,0,0,0,0
475,475000,-0.0063,0.0140,-0.0033,0.0045,-90.1825,44.6216,44.7450,0,0,0,0
476,476000,-0.0022,-0.0024,-0.0047,-0.0093,-85.2451,18.9371,67.0166,0,0,0,0
477,477000,0.0044,-0.0023,0.0010,0.0030,-72.8898,-9.3908,82.0789,0,0,0,0
478,478000,0.0091,0.0023,0.0022,0.0136,-52.8953,-36.6011,89.4964,0,0,0,0
479,479000,0.0070,-0.0075,0.0140,0.0135,-27.5718,-60.5442,87.4183,0,0,0,0
480,480000,0.0017,0.0119,-0.0043,0.0093,0.4110,-78.1773,78.0950,0,0,0,0
481,481000,0.0104,-0.0058,0.0100,0.0146,28.0408,-88.1716,60.5215,0,0,0,0
482,482000,0.0117,0.0093,-0.0102,0.0107,52.5604,-89.7215,36.9459,0,0,0,0
483,483000,0.0058,-0.0134,-0.0036,-0.0113,72.5515,-81.6322,9.5691,0,0,0,0
484,484000,0.0046,0.0095,-0.0133,0.0009,85.0360,-66.4125,-18.7945,0,0,0,0
485,485000,-0.0119,0.0020,-0.0099,-0.0199,89.4348,-44.6256,-45.1925,0,0,0,0
486,486000,0.0069,0.0056,-0.0025,0.0100,85.6416,-18.8536,-66.8914,0,0,0,0
487,487000,0.0080,-0.0060,0.0108,0.0127,72.8369,9.0791,-82.4700,0,0,0,0
488,488000,0.0071,-0.0138,0.0051,-0.0016,52.7947,36.8297,-88.9849,0,0,0,0
489,489000,0.0015,0.0119,0.0059,0.0193,28.0502,60.0994,-87.9205,0,0,0,0
490,490000,-0.0097,0.0006,-0.0106,-0.0197,0.4249,78.2110,-78.0405,0,0,0,0
491,491000,0.0034,-0.0089,0.0017,-0.0039,-28.0067,88.0729,-59.7908,0,0,0,0
492,492000,0.0090,-0.0053,0.0093,0.0129,-52.8201,89.4500,-36.8319,0,0,0,0
493,493000,0.0086,-0.0086,-0.0119,-0.0120,-72.5298,81.6980,-9.2955,0,0,0,0
494,494000,0.0098,-0.0062,-0.0123,-0.0087,-85.8427,66.7826,18.7607,0,0,0,0
495,495000,0.0073,0.0015,-0.0132,-0.0045,-89.9861,45.0316,44.7000,0,0,0,0
496,496000,0.0135,0.0018,-0.0129,0.0024,-85.3606,18.9342,66.5787,0,0,0,0
497,497000,0.0125,-0.0041,-0.0029,0.0056,-73.1030,-9.5836,81.7757,0,0,0,0
498,498000,0.0071,0.0134,-0.0114,0.0091,-52.5890,-36.3489,89.2393,0,0,0,0
499,499000,0.0068,0.0087,0.0025,0.0180,-28.1126,-60.4119,87.7461,0,0,0,0
500,500000,0.0024,-0.0059,-0.0010,-0.0045,0.3162,-78.0947,78.1277,0,0,0,0
501,501000,-0.0115,0.0109,0.0044,0.0037,27.9505,-87.5758,60.3392,0,0,0,0
502,502000,-0.0096,0.0005,0.0043,-0.0048,53.2082,-89.1172,36.9173,0,0,0,0
503,503000,-0.0045,-0.0046,0.0101,0.0010,72.9178,-82.1752,9.3261,0,0,0,0
504,504000,0.0111,-0.0032,0.0031,0.0110,85.6650,-67.0068,-19.0552,0,0,0,0
505,505000,-0.0098,-0.0001,-0.0101,-0.0200,89.9294,-44.6336,-44.5746,0,0,0,0
506,506000,0.0013,0.0080,-0.0115,-0.0022,85.8400,-19.0443,-66.9126,0,0,0,0
507,507000,0.0123,-0.0062,-0.0116,-0.0056,72.3575,9.2654,-82.3379,0,0,0,0
508,508000,0.0077,-0.0008,0.0107,0.0176,52.5743,36.3118,-89.1876,0,0,0,0
509,509000,-0.0102,0.0019,0.0102,0.0019,27.4165,59.6842,-87.9409,0,0,0,0
510,510000,0.0101,-0.0105,0.0098,0.0094,0.3747,77.6621,-77.3757,0,0,0,0
511,511000,-0.0036,0.0002,0.0106,0.0072,-27.5906,87.6389,-59.9338,0,0,0,0
512,512000,0.0034,0.0068,0.0091,0.0193,-52.6625,89.0934,-36.9728,0,0,0,0
513,513000,0.0100,-0.0097,-0.0121,-0.0118,-72.8496,81.9593,-9.4886,0,0,0,0
514,514000,-0.0011,-0.0010,0.0113,0.0093,-85.7839,66.8732,18.6419,0,0,0,0
515,515000,-0.0117,0.0118,0.0076,0.0077,-89.6065,45.2868,44.6374,0,0,0,0
516,516000,-0.0048,0.0140,0.0057,0.0149,-85.5829,18.6612,66.7239,0,0,0,0
517,517000,-0.0063,-0.0097,0.0040,-0.0120,-73.0762,-9.4152,81.8882,0,0,0,0
518,518000,-0.0133,-0.0034,-0.0039,-0.0206,-52.7009,-36.1389,89.2598,0,0,0,0
519,519000,-0.0008,0.0104,0.0052,0.0149,-28.1547,-59.6912,87.6452,0,0,0,0
520,520000,0.0038,-0.0122,-0.0057,-0.0140,-0.3740,-77.8670,77.9723,0,0,0,0
521,521000,0.0105,0.0048,0.0093,0.0246,27.7765,-88.0680,59.7317,0,0,0,0
522,522000,0.0114,0.0072,-0.0043,0.0143,52.6498,-89.6239,36.4582,0,0,0,0
523,523000,-0.0007,-0.0096,-0.0041,-0.0144,72.8312,-81.8731,9.5614,0,0,0,0
524,524000,-0.0031,0.0080,-0.0119,-0.0071,84.9786,-66.6580,-18.5227,0,0,0,0
525,525000,0.0033,0.0138,0.0069,0.0239,89.6563,-44.5131,-44.6947,0,0,0,0
526,526000,-0.0052,-0.0012,0.0103,0.0039,85.1049,-18.9901,-67.0923,0,0,0,0
527,527000,0.0133,0.0006,-0.0014,0.0125,72.5775,8.9424,-81.7511,0,0,0,0
528,528000,-0.0106,0.0133,-0.0080,-0.0053,52.7462,36.1693,-88.8924,0,0,0,0
529,529000,-0.0023,-0.0094,-0.0043,-0.0160,27.7956,59.9877,-87.4457,0,0,0,0
530,530000,0.0133,-0.0137,-0.0137,-0.0141,0.0690,78.0636,-77.4255,0,0,0,0
531,531000,0.0001,0.0056,-0.0012,0.0045,-27.4239,87.9857,-60.1782,0,0,0,0
532,532000,-0.0042,0.0007,-0.0109,-0.0145,-52.7536,89.5607,-36.8221,0,0,0,0
533,533000,-0.0020,0.0027,-0.0033,-0.0027,-72.9518,82.0881,-9.0782,0,0,0,0
534,534000,0.0053,-0.0061,0.0120,0.0112,-85.4749,66.8534,18.9941,0,0,0,0
535,535000,0.0140,-0.0112,0.0033,0.0061,-89.5398,45.0417,44.8276,0,0,0,0
536,536000,-0.0001,0.0121,-0.0016,0.0104,-85.1927,18.3140,66.8182,0,0,0,0
537,537000,-0.0132,-0.0022,-0.0013,-0.0167,-72.8503,-9.6371,81.9429,0,0,0,0
538,538000,-0.0086,-0.0106,0.0117,-0.0075,-52.8190,-36.1109,89.2444,0,0,0,0
539,539000,0.0091,0.0068,-0.0035,0.0123,-27.5712,-60.5400,87.6040,0,0,0,0
540,540000,-0.0061,-0.0067,0.0083,-0.0044,0.3409,-77.4777,77.7051,0,0,0,0
541,541000,-0.0073,-0.0024,-0.0098,-0.0195,28.1137,-88.2871,59.9849,0,0,0,0
542,542000,0.0090,0.0028,0.0130,0.0248,53.0791,-89.4707,36.9735,0,0,0,0
543,543000,-0.0073,-0.0087,0.0093,-0.0067,73.0868,-81.9200,9.6588,0,0,0,0
544,544000,0.0022,0.0039,-0.0092,-0.0032,85.0855,-66.3165,-18.3105,0,0,0,0
545,545000,0.0005,-0.0113,0.0001,-0.0107,89.7584,-44.6368,-44.7893,0,0,0,0
546,546000,0.0080,0.0036,0.0015,0.0131,85.7269,-18.8889,-66.3423,0,0,0,0
547,547000,-0.0084,-0.0018,0.0026,-0.0075,72.2962,9.5040,-82.4738,0,0,0,0
548,548000,0.0059,-0.0119,0.0069,0.0008,53.1695,36.4253,-89.6544,0,0,0,0
549,549000,-0.0013,-0.0040,0.0113,0.0059,27.8724,59.8639,-88.0344,0,0,0,0
550,550000,0.0010,0.0079,0.0076,0.0166,-0.2288,78.0387,-77.6387,0,0,0,0
551,551000,-0.0064,0.0036,0.0022,-0.0005,-27.3636,87.9763,-60.4539,0,0,0,0
552,552000,-0.0012,-0.0111,0.0112,-0.0011,-52.7056,89.1272,-36.8966,0,0,0,0
553,553000,-0.0002,0.0096,-0.0003,0.0092,-72.7860,81.9517,-9.8175,0,0,0,0
554,554000,-0.0121,-0.0120,-0.0035,-0.0276,-85.0063,66.9135,18.5061,0,0,0,0
555,555000,0.0115,-0.0091,-0.0091,-0.0066,-89.5375,44.4673,44.9678,0,0,0,0
556,556000,0.0030,0.0135,-0.0005,0.0160,-85.8396,19.1170,66.8477,0,0,0,0
557,557000,0.0013,0.0068,-0.0087,-0.0005,-72.9684,-9.0051,81.6272,0,0,0,0
558,558000,-0.0135,-0.0098,-0.0109,-0.0342,-52.7812,-36.2014,89.0684,0,0,0,0
559,559000,-0.0049,0.0064,-0.0066,-0.0050,-28.0059,-59.7027,87.8354,0,0,0,0
560,560000,0.0128,0.0015,0.0069,0.0212,-0.1360,-77.9665,77.7780,0,0,0,0
561,561000,0.0004,-0.0087,0.0053,-0.0030,27.6644,-88.1457,60.4456,0,0,0,0
562,562000,-0.0062,0.0024,-0.0053,-0.0092,52.6955,-89.0833,36.7950,0,0,0,0
563,563000,0.0128,0.0108,0.0070,0.0307,72.6506,-82.1182,9.6719,0,0,0,0
564,564000,0.0035,-0.0020,-0.0036,-0.0021,85.5152,-66.6850,-18.5543,0,0,0,0
565,565000,-0.0123,-0.0132,0.0025,-0.0231,89.5158,-44.8971,-45.0928,0,0,0,0
566,566000,0.0092,0.0132,-0.0133,0.0091,85.5491,-18.8062,-67.0328,0,0,0,0
567,567000,-0.0050,-0.0040,0.0044,-0.0046,72.9228,9.0044,-82.1647,0,0,0,0
568,568000,0.0079,-0.0051,-0.0048,-0.0021,52.4525,36.0916,-89.3537,0,0,0,0
569,569000,0.0084,0.0017,0.0029,0.0130,28.1124,59.9950,-87.8275,0,0,0,0
570,570000,-0.0112,0.0031,0.0102,0.0020,-0.1993,78.1261,-78.1636,0,0,0,0
571,571000,0.0111,0.0072,-0.0051,0.0133,-27.8245,87.6883,-60.3697,0,0,0,0
572,572000,0.0086,0.0139,-0.0106,0.0118,-52.7929,89.2519,-36.8263,0,0,0,0
573,573000,-0.0049,0.0022,0.0041,0.0013,-72.7668,81.8567,-9.0684,0,0,0,0
574,574000,0.0138,-0.0061,-0.0027,0.0050,-85.0491,67.0521,19.0290,0,0,0,0
575,575000,0.0118,0.0041,-0.0115,0.0045,-90.2286,44.5206,45.1790,0,0,0,0
576,576000,0.0063,0.0072,0.0016,0.0151,-85.6212,18.5840,66.5775,0,0,0,0
577,577000,0.0032,0.0056,0.0099,0.0186,-72.7574,-9.4290,82.4693,0,0,0,0
578,578000,-0.0107,0.0033,-0.0128,-0.0202,-52.9050,-36.9537,88.8829,0,0,0,0
579,579000,-0.0112,0.0053,-0.0093,-0.0152,-27.9133,-60.1555,87.5746,0,0,0,0
580,580000,0.0114,0.0114,0.0123,0.0351,-0.1178,-77.3420,78.1123,0,0,0,0
581,581000,-0.0068,-0.0110,-0.0120,-0.0298,28.0102,-87.4504,59.9444,0,0,0,0
582,582000,0.0032,-0.0065,-0.0102,-0.0136,53.0724,-89.6187,36.4956,0,0,0,0
583,583000,-0.0106,0.0072,0.0132,0.0098,72.9866,-81.7014,9.3103,0,0,0,0
584,584000,-0.0015,0.0008,0.0046,0.0038,85.0796,-66.6753,-18.2457,0,0,0,0
585,585000,-0.0050,-0.0078,-0.0058,-0.0186,90.0220,-45.1194,-45.2820,0,0,0,0
586,586000,0.0017,0.0045,-0.0083,-0.0022,85.7537,-18.4622,-67.1243,0,0,0,0
587,587000,0.0133,-0.0138,0.0090,0.0086,72.2666,9.1332,-82.3300,0,0,0,0
588,588000,-0.0112,0.0026,0.0101,0.0015,52.5300,36.5557,-89.0887,0,0,0,0
589,589000,-0.0053,-0.0098,0.0117,-0.0034,27.7130,60.1018,-88.1045,0,0,0,0
590,590000,-0.0039,0.0104,0.0079,0.0145,0.4267,77.7938,-78.0620,0,0,0,0
591,591000,-0.0063,-0.0055,0.0042,-0.0075,-28.0558,88.1841,-60.4145,0,0,0,0
592,592000,0.0106,-0.0073,-0.0089,-0.0055,-52.5716,89.6766,-36.9543,0,0,0,0
593,593000,0.0046,-0.0066,-0.0118,-0.0138,-72.7041,82.4332,-9.4497,0,0,0,0
594,594000,-0.0099,0.0002,-0.0064,-0.0161,-85.4168,66.3439,18.3123,0,0,0,0
595,595000,0.0042,-0.0022,-0.0028,-0.0007,-89.6063,44.7223,44.9918,0,0,0,0
596,596000,0.0008,-0.0019,0.0041,0.0031,-85.4245,18.8362,67.1575,0,0,0,0
597,597000,-0.0079,-0.0131,-0.0123,-0.0333,-73.0629,-9.5982,81.6914,0,0,0,0
598,598000,-0.0077,0.0061,-0.0113,-0.0129,-52.6837,-36.6280,89.5327,0,0,0,0
599,599000,0.0107,-0.0083,-0.0043,-0.0019,-27.9624,-59.8411,87.6615,0,0,0,0
600,600000,0.0027,-0.0115,0.0057,-0.0031,0.2101,-77.7788,77.7609,0,0,0,0
601,601000,-0.0055,-0.0074,-0.0122,-0.0251,28.1195,-88.0180,59.8169,0,0,0,0
602,602000,0.0113,-0.0138,-0.0047,-0.0072,52.4700,-89.3454,36.2413,0,0,0,0
603,603000,-0.0067,0.0051,0.0027,0.0010,72.2816,-81.7326,9.8099,0,0,0,0
604,604000,0.0024,-0.0071,0.0090,0.0042,85.4083,-67.0961,-18.6131,0,0,0,0
605,605000,0.0139,0.0007,-0.0100,0.0046,90.1158,-45.2061,-45.2720,0,0,0,0
606,606000,-0.0055,-0.0013,0.0139,0.0070,85.6309,-18.4626,-66.9632,0,0,0,0
607,607000,-0.0004,-0.0138,0.0059,-0.0082,72.5397,9.2558,-81.6982,0,0,0,0
608,608000,0.0078,0.0114,-0.0110,0.0082,53.1123,36.6169,-89.1557,0,0,0,0
609,609000,0.0065,0.0135,0.0045,0.0245,27.3238,60.4177,-88.1738,0,0,0,0
610,610000,-0.0001,0.0068,-0.0040,0.0028,-0.2296,78.2068,-77.5623,0,0,0,0
611,611000,-0.0087,0.0039,0.0107,0.0059,-27.3458,88.2700,-59.9371,0,0,0,0
612,612000,0.0113,0.0130,-0.0066,0.0176,-52.8373,89.3468,-36.3701,0,0,0,0
613,613000,0.0110,-0.0023,-0.0054,0.0032,-72.7594,82.4934,-9.8003,0,0,0,0
614,614000,0.0006,0.0032,-0.0013,0.0025,-85.5595,66.6855,19.0940,0,0,0,0
615,615000,0.0083,0.0133,0.0052,0.0268,-90.0047,44.9063,44.8771,0,0,0,0
616,616000,-0.0099,0.0035,-0.0056,-0.0119,-84.9996,18.8211,66.5551,0,0,0,0
617,617000,0.0085,-0.0130,0.0026,-0.0019,-73.0966,-9.5831,81.6484,0,0,0,0
618,618000,-0.0055,0.0045,-0.0070,-0.0080,-52.8543,-36.9794,89.1881,0,0,0,0
619,619000,-0.0061,0.0047,-0.0098,-0.0112,-27.4318,-59.8562,87.4801,0,0,0,0
620,620000,-0.0065,-0.0086,-0.0119,-0.0269,0.4454,-77.7052,77.5292,0,0,0,0
621,621000,-0.0008,0.0088,-0.0022,0.0059,27.6237,-87.7289,60.5171,0,0,0,0
622,622000,-0.0114,-0.0056,0.0018,-0.0152,52.5773,-89.4926,36.6916,0,0,0,0
623,623000,-0.0050,0.0052,-0.0103,-0.0101,72.7318,-82.3196,9.4369,0,0,0,0
624,624000,-0.0056,0.0019,0.0013,-0.0024,85.0466,-66.6300,-18.7849,0,0,0,0
625,625000,0.0106,-0.0102,-0.0053,-0.0049,89.7579,-44.9595,-44.5167,0,0,0,0
626,626000,0.0060,-0.0020,-0.0025,0.0014,85.3904,-18.7449,-67.1695,0,0,0,0
627,627000,0.0017,-0.0022,0.0033,0.0027,73.0725,9.6180,-82.2272,0,0,0,0
628,628000,-0.0073,-0.0105,0.0019,-0.0160,52.8027,36.5698,-89.5082,0,0,0,0
629,629000,0.0072,-0.0027,0.0087,0.0132,27.6578,59.6540,-87.5152,0,0,0,0
630,630000,-0.0011,-0.0126,0.0042,-0.0095,-0.4003,78.0780,-77.9313,0,0,0,0
631,631000,-0.0114,-0.0005,-0.0124,-0.0243,-27.9423,87.7004,-59.8817,0,0,0,0
632,632000,0.0049,-0.0126,-0.0101,-0.0178,-52.5767,89.0577,-36.3150,0,0,0,0
633,633000,-0.0001,0.0050,-0.0056,-0.0008,-72.9099,82.3661,-9.5580,0,0,0,0
634,634000,0.0138,-0.0004,-0.0109,0.0025,-85.8621,66.9139,18.2245,0,0,0,0
635,635000,0.0029,-0.0114,-0.0007,-0.0092,-90.1550,44.6417,45.2061,0,0,0,0
636,636000,-0.0016,-0.0107,0.0137,0.0014,-85.8179,18.5878,67.0329,0,0,0,0
637,637000,0.0097,0.0091,0.0102,0.0289,-72.6196,-9.2253,82.1550,0,0,0,0
638,638000,-0.0019,-0.0089,0.0045,-0.0064,-52.6694,-36.2448,89.0269,0,0,0,0
639,639000,0.0068,-0.0007,0.0047,0.0109,-27.7123,-60.2863,88.2643,0,0,0,0
640,640000,-0.0002,-0.0031,-0.0111,-0.0144,0.1506,-77.6042,77.7071,0,0,0,0
641,641000,-0.0021,-0.0012,-0.0138,-0.0172,27.3303,-87.7943,59.9206,0,0,0,0
642,642000,0.0041,0.0034,0.0115,0.0190,53.1449,-89.7334,36.9466,0,0,0,0
643,643000,-0.0009,-0.0063,-0.0040,-0.0112,72.8619,-81.6171,9.7078,0,0,0,0
644,644000,0.0001,0.0058,-0.0124,-0.0064,85.2830,-66.8435,-18.5335,0,0,0,0
645,645000,-0.0042,-0.0045,0.0081,-0.0006,90.0115,-44.7140,-45.1064,0,0,0,0
646,646000,0.0074,-0.0030,0.0041,0.0085,85.2418,-18.2997,-66.8562,0,0,0,0
647,647000,-0.0008,0.0022,0.0078,0.0091,72.8043,9.7721,-82.0269,0,0,0,0
648,648000,-0.0105,0.0129,0.0033,0.0057,52.6337,36.3945,-89.4090,0,0,0,0
649,649000,-0.0129,-0.0096,-0.0111,-0.0336,28.0704,59.7353,-87.4620,0,0,0,0
650,650000,-0.0007,0.0136,0.0066,0.0195,0.2334,78.0589,-78.0183,0,0,0,0
651,651000,0.0113,0.0111,-0.0023,0.0201,-28.0470,88.0817,-60.4890,0,0,0,0
652,652000,0.0032,0.0098,0.0074,0.0204,-53.1380,88.9390,-36.4352,0,0,0,0
653,653000,0.0096,-0.0051,-0.0035,0.0011,-72.2811,82.2282,-8.9491,0,0,0,0
654,654000,0.0021,-0.0070,-0.0061,-0.0110,-85.6885,66.6892,18.4051,0,0,0,0
655,655000,-0.0096,0.0087,0.0023,0.0015,-89.5328,44.6309,45.0233,0,0,0,0
656,656000,0.0048,0.0088,-0.0040,0.0096,-85.6850,19.0267,66.6627,0,0,0,0
657,657000,0.0013,-0.0089,0.0116,0.0040,-73.0460,-9.1816,82.1775,0,0,0,0
658,658000,-0.0001,0.0020,-0.0042,-0.0023,-52.4932,-36.5545,89.4290,0,0,0,0
659,659000,0.0017,-0.0122,-0.0035,-0.0141,-28.0795,-60.1628,87.4665,0,0,0,0
660,660000,-0.0119,-0.0057,-0.0076,-0.0253,0.2536,-78.1249,77.8729,0,0,0,0
661,661000,-0.0048,0.0125,-0.0070,0.0006,27.5064,-87.4727,60.2803,0,0,0,0
662,662000,-0.0122,0.0132,0.0021,0.0032,53.1253,-89.7045,36.8481,0,0,0,0
663,663000,0.0122,-0.0029,0.0056,0.0149,72.6616,-82.4479,9.0387,0,0,0,0
664,664000,-0.0008,-0.0067,-0.0046,-0.0121,85.7937,-67.1674,-18.8883,0,0,0,0
665,665000,-0.0047,-0.0102,0.0066,-0.0083,90.0524,-44.8650,-44.5263,0,0,0,0
666,666000,0.0046,-0.0075,0.0127,0.0098,85.7585,-19.0571,-66.3821,0,0,0,0
667,667000,0.0057,-0.0131,0.0127,0.0053,72.9001,9.8202,-81.9616,0,0,0,0
668,668000,0.0032,0.0015,-0.0065,-0.0019,52.4150,36.9320,-89.7342,0,0,0,0
669,669000,-0.0131,0.0043,-0.0056,-0.0144,27.7611,60.0362,-87.5378,0,0,0,0
670,670000,0.0133,-0.0126,0.0088,0.0096,-0.4298,78.0275,-77.7510,0,0,0,0
671,671000,0.0102,0.0067,-0.0127,0.0043,-27.5908,87.8991,-59.8591,0,0,0,0
672,672000,0.0055,-0.0021,-0.0018,0.0017,-52.8548,88.9973,-36.1742,0,0,0,0
673,673000,0.0136,-0.0087,-0.0125,-0.0075,-72.7804,81.9927,-9.6289,0,0,0,0
674,674000,0.0025,0.0070,0.0083,0.0178,-85.6639,67.0941,18.7346,0,0,0,0
675,675000,0.0139,0.0062,-0.0120,0.0081,-90.2503,45.1881,44.5720,0,0,0,0
676,676000,-0.0090,-0.0043,-0.0072,-0.0205,-85.8286,18.8129,66.5588,0,0,0,0
677,677000,0.0030,-0.0107,-0.0071,-0.0147,-72.6807,-9.7683,82.0889,0,0,0,0
678,678000,-0.0001,-0.0040,-0.0079,-0.0121,-52.5805,-36.1581,89.5140,0,0,0,0
679,679000,0.0125,-0.0059,0.0008,0.0074,-27.5026,-59.9597,87.6432,0,0,0,0
680,680000,0.0056,-0.0126,0.0058,-0.0012,0.0031,-77.4221,77.8912,0,0,0,0
681,681000,-0.0062,-0.0103,-0.0076,-0.0241,27.4880,-87.4245,60.3150,0,0,0,0
682,682000,-0.0082,0.0089,0.0135,0.0143,52.6771,-89.6442,36.7090,0,0,0,0
683,683000,0.0042,-0.0109,-0.0132,-0.0199,72.6200,-82.0507,9.1888,0,0,0,0
684,684000,-0.0033,-0.0118,0.0031,-0.0119,85.7126,-66.9437,-18.6777,0,0,0,0
685,685000,0.0103,-0.0129,-0.0089,-0.0116,89.7110,-45.1716,-44.9692,0,0,0,0
686,686000,-0.0127,0.0012,-0.0134,-0.0249,85.2438,-18.8102,-66.6476,0,0,0,0
687,687000,0.0111,0.0115,0.0026,0.0252,73.0412,9.6668,-81.8187,0,0,0,0
688,688000,-0.0045,-0.0019,0.0065,0.0001,53.0874,36.4658,-89.1112,0,0,0,0
689,689000,-0.0125,-0.0032,0.0050,-0.0107,27.4033,60.2965,-87.5300,0,0,0,0
690,690000,0.0124,0.0021,0.0005,0.0150,-0.0328,77.8431,-78.0848,0,0,0,0
691,691000,-0.0034,0.0120,-0.0137,-0.0051,-27.5336,87.5213,-59.8286,0,0,0,0
692,692000,0.0128,-0.0071,-0.0046,0.0011,-53.1640,89.3611,-36.6256,0,0,0,0
693,693000,0.0033,0.0045,0.0088,0.0165,-72.7858,82.3034,-9.2912,0,0,0,0
694,694000,-0.0106,-0.0051,-0.0091,-0.0248,-85.3573,66.5338,18.6400,0,0,0,0
695,695000,-0.0017,0.0132,0.0097,0.0212,-89.8448,44.8895,44.6539,0,0,0,0
696,696000,-0.0125,-0.0063,-0.0053,-0.0241,-85.0246,18.7726,66.3537,0,0,0,0
697,697000,-0.0091,-0.0063,-0.0105,-0.0259,-72.4227,-9.0567,82.1668,0,0,0,0
698,698000,-0.0100,-0.0127,-0.0131,-0.0358,-52.6858,-36.8772,89.4883,0,0,0,0
699,699000,0.0102,-0.0130,-0.0124,-0.0152,-27.6825,-59.9025,88.0447,0,0,0,0
700,700000,-0.0068,0.0050,-0.0041,-0.0059,-0.2178,-77.4607,77.9778,0,0,0,0
701,701000,0.0028,-0.0120,0.0003,-0.0088,27.6193,-87.9024,59.8615,0,0,0,0
702,702000,-0.0049,0.0091,0.0040,0.0082,52.6762,-89.3981,36.8685,0,0,0,0
703,703000,-0.0101,0.0082,-0.0026,-0.0045,72.5058,-82.1979,9.5247,0,0,0,0
704,704000,-0.0008,0.0034,-0.0129,-0.0103,85.8441,-67.0504,-18.2870,0,0,0,0
705,705000,0.0116,0.0031,0.0003,0.0150,89.3885,-44.6307,-44.6550,0,0,0,0
706,706000,0.0002,-0.0044,0.0094,0.0052,85.4920,-18.9296,-67.1651,0,0,0,0
707,707000,0.0064,0.0141,-0.0120,0.0085,72.5548,9.0096,-81.6586,0,0,0,0
708,708000,-0.0078,0.0021,-0.0023,-0.0080,52.7949,36.5742,-89.1133,0,0,0,0
709,709000,0.0098,-0.0127,0.0007,-0.0022,27.7792,60.0729,-87.9049,0,0,0,0
710,710000,-0.0065,-0.0059,-0.0073,-0.0196,0.3018,77.5518,-77.5414,0,0,0,0
711,711000,-0.0039,0.0070,-0.0073,-0.0042,-27.7939,87.5065,-59.8886,0,0,0,0
712,712000,0.0108,-0.0042,0.0117,0.0183,-52.9158,89.3277,-36.3932,0,0,0,0
713,713000,0.0030,-0.0023,0.0092,0.0099,-72.7074,82.1120,-9.7247,0,0,0,0
714,714000,0.0011,-0.0026,-0.0102,-0.0118,-85.1705,66.8214,18.4582,0,0,0,0
715,715000,-0.0060,-0.0118,0.0137,-0.0042,-89.9818,44.8364,44.9756,0,0,0,0
716,716000,0.0038,0.0113,-0.0137,0.0014,-85.1739,19.0116,66.4047,0,0,0,0
717,717000,-0.0067,0.0122,-0.0106,-0.0051,-72.6125,-9.1701,81.6313,0,0,0,0
718,718000,-0.0019,0.0139,0.0104,0.0223,-52.6210,-36.8611,89.6986,0,0,0,0
719,719000,0.0114,-0.0028,0.0060,0.0147,-27.8850,-60.0466,87.5098,0,0,0,0
720,720000,0.0112,0.0026,0.0140,0.0278,0.3578,-77.6770,77.3733,0,0,0,0
721,721000,0.0068,-0.0014,-0.0014,0.0039,27.6240,-87.9338,60.3984,0,0,0,0
722,722000,-0.0060,-0.0103,0.0075,-0.0088,52.7711,-89.6069,36.9048,0,0,0,0
723,723000,0.0123,0.0112,-0.0037,0.0199,72.2877,-81.9657,9.5224,0,0,0,0
724,724000,-0.0034,0.0002,0.0126,0.0094,85.3636,-66.6662,-19.0356,0,0,0,0
725,725000,-0.0057,0.0018,0.0023,-0.0017,89.6719,-44.5505,-44.5983,0,0,0,0
726,726000,-0.0021,-0.0051,-0.0101,-0.0173,85.2596,-18.9623,-66.4633,0,0,0,0
727,727000,0.0066,-0.0082,0.0021,0.0006,73.1009,9.4054,-81.9460,0,0,0,0
728,728000,-0.0113,-0.0108,-0.0017,-0.0238,52.5984,36.3278,-88.9765,0,0,0,0
729,729000,-0.0060,0.0138,0.0120,0.0198,28.1294,60.3254,-87.7025,0,0,0,0
730,730000,-0.0102,0.0096,-0.0134,-0.0139,-0.2633,78.0107,-77.4202,0,0,0,0
731,731000,0.0130,0.0085,0.0094,0.0309,-27.7185,87.4089,-60.5236,0,0,0,0
732,732000,-0.0084,0.0020,0.0006,-0.0058,-52.3949,89.5311,-36.2336,0,0,0,0
733,733000,-0.0058,0.0058,-0.0016,-0.0015,-73.0122,82.3594,-9.4490,0,0,0,0
734,734000,-0.0067,0.0139,-0.0108,-0.0036,-85.0914,66.9533,18.5421,0,0,0,0
735,735000,-0.0119,0.0064,0.0002,-0.0053,-89.5512,44.7520,44.7062,0,0,0,0
736,736000,0.0037,0.0078,-0.0052,0.0063,-85.4072,18.8593,67.1267,0,0,0,0
737,737000,-0.0019,0.0083,0.0097,0.0161,-72.2732,-9.5521,82.1945,0,0,0,0
738,738000,0.0107,0.0038,-0.0103,0.0042,-53.2088,-36.9728,89.2114,0,0,0,0
739,739000,0.0125,-0.0066,0.0089,0.0148,-27.5986,-60.4108,88.0617,0,0,0,0
740,740000,-0.0061,0.0106,0.0101,0.0146,-0.2707,-77.3768,78.0058,0,0,0,0
741,741000,-0.0141,0.0016,-0.0091,-0.0215,27.3656,-88.1137,60.0242,0,0,0,0
742,742000,-0.0067,0.0024,-0.0004,-0.0048,52.6842,-89.1989,36.6719,0,0,0,0
743,743000,-0.0090,-0.0076,-0.0004,-0.0171,72.4820,-82.2365,9.6547,0,0,0,0
744,744000,-0.0030,-0.0005,-0.0110,-0.0146,85.2905,-67.1076,-18.3314,0,0,0,0
745,745000,0.0072,0.0133,0.0046,0.0251,89.6236,-45.0641,-45.2524,0,0,0,0
746,746000,-0.0010,-0.0109,0.0058,-0.0061,85.2561,-18.4966,-66.4995,0,0,0,0
747,747000,-0.0005,-0.0003,-0.0075,-0.0083,72.9352,9.3092,-82.2375,0,0,0,0
748,748000,0.0002,0.0080,0.0077,0.0159,53.1418,36.1364,-89.5367,0,0,0,0
749,749000,-0.0052,-0.0016,0.0117,0.0049,27.6567,60.0067,-88.0600,0,0,0,0
750,750000,0.0065,0.0090,-0.0026,0.0129,-0.1438,77.6098,-77.7166,0,0,0,0
751,751000,-0.0094,0.0035,0.0032,-0.0027,-28.0181,88.2542,-60.2507,0,0,0,0
752,752000,0.0030,0.0063,-0.0116,-0.0023,-53.2229,89.5942,-36.3470,0,0,0,0
753,753000,0.0117,0.0015,0.0005,0.0137,-72.4219,82.1889,-9.5120,0,0,0,0
754,754000,-0.0085,0.0010,-0.0077,-0.0152,-85.7269,67.0684,18.9441,0,0,0,0
755,755000,0.0116,-0.0080,0.0124,0.0160,-89.9660,45.1169,44.4906,0,0,0,0
756,756000,-0.0136,-0.0112,-0.0004,-0.0252,-85.0233,18.5818,66.4372,0,0,0,0
757,757000,-0.0056,0.0077,-0.0064,-0.0043,-72.9041,-9.6151,81.7117,0,0,0,0
758,758000,0.0080,-0.0104,-0.0065,-0.0089,-52.6523,-36.3149,88.9498,0,0,0,0
759,759000,-0.0121,0.0074,-0.0137,-0.0184,-27.5548,-60.1737,88.1486,0,0,0,0
760,760000,0.0030,0.0067,-0.0086,0.0010,-0.3127,-77.5189,77.8767,0,0,0,0
761,761000,-0.0053,0.0003,-0.0064,-0.0114,27.5959,-88.2800,59.8307,0,0,0,0
762,762000,-0.0067,-0.0008,-0.0115,-0.0190,52.9319,-89.5101,36.9502,0,0,0,0
763,763000,0.0017,0.0115,-0.0072,0.0060,72.6466,-82.0199,8.9546,0,0,0,0
764,764000,-0.0001,-0.0036,-0.0111,-0.0148,85.3233,-66.7034,-18.9213,0,0,0,0
765,765000,0.0134,-0.0076,0.0018,0.0076,89.7224,-45.0242,-44.7790,0,0,0,0
766,766000,-0.0047,0.0135,-0.0094,-0.0006,85.6969,-19.0369,-66.4176,0,0,0,0
767,767000,-0.0003,-0.0101,-0.0007,-0.0112,72.4370,9.4928,-81.8494,0,0,0,0
768,768000,0.0019,0.0076,-0.0053,0.0041,52.5514,36.3082,-89.4682,0,0,0,0
769,769000,-0.0099,0.0018,-0.0140,-0.0220,27.5939,60.0138,-87.6810,0,0,0,0
770,770000,0.0072,0.0013,0.0043,0.0128,0.2647,77.6138,-77.9418,0,0,0,0
771,771000,0.0059,0.0101,-0.0118,0.0042,-27.7413,88.2945,-60.4524,0,0,0,0
772,772000,0.0056,0.0073,0.0070,0.0199,-52.9034,89.0191,-36.8307,0,0,0,0
773,773000,-0.0018,-0.0130,-0.0093,-0.0241,-72.2377,81.9816,-9.1159,0,0,0,0
774,774000,-0.0004,0.0013,-0.0057,-0.0048,-85.1952,66.6549,18.6156,0,0,0,0
775,775000,-0.0058,0.0050,0.0033,0.0024,-89.4356,44.9275,44.7920,0,0,0,0
776,776000,0.0042,0.0007,0.0032,0.0081,-85.7408,18.4081,66.9379,0,0,0,0
777,777000,0.0005,-0.0010,0.0121,0.0116,-72.8850,-8.9964,82.2475,0,0,0,0
778,778000,0.0100,0.0007,-0.0139,-0.0032,-53.1192,-36.2350,89.2474,0,0,0,0
779,779000,-0.0099,0.0135,-0.0088,-0.0052,-28.1431,-60.2667,88.0262,0,0,0,0
780,780000,0.0011,-0.0124,-0.0097,-0.0211,-0.1518,-77.8099,77.6474,0,0,0,0
781,781000,0.0017,0.0036,-0.0064,-0.0011,27.5082,-87.4677,60.3858,0,0,0,0
782,782000,0.0104,-0.0055,-0.0027,0.0022,52.8676,-89.2108,36.3106,0,0,0,0
783,783000,0.0012,-0.0120,0.0065,-0.0043,72.8047,-82.3619,9.1906,0,0,0,0
784,784000,-0.0067,0.0084,0.0075,0.0092,85.0616,-66.6668,-18.8261,0,0,0,0
785,785000,0.0077,-0.0063,0.0105,0.0119,89.8974,-44.6313,-44.7560,0,0,0,0
786,786000,-0.0008,0.0080,-0.0116,-0.0043,85.1207,-18.2342,-66.4728,0,0,0,0
787,787000,-0.0100,0.0106,0.0112,0.0118,72.3605,9.2295,-82.4519,0,0,0,0
788,788000,0.0003,0.0047,0.0000,0.0050,52.7375,36.3756,-89.6663,0,0,0,0
789,789000,0.0017,-0.0032,-0.0053,-0.0069,27.6441,60.0748,-87.8322,0,0,0,0
790,790000,0.0009,0.0097,0.0126,0.0231,0.3442,78.1907,-77.4821,0,0,0,0
791,791000,0.0060,0.0017,0.0082,0.0159,-27.4490,87.8431,-59.9312,0,0,0,0
792,792000,0.0016,-0.0043,-0.0038,-0.0065,-52.8497,88.8963,-36.5614,0,0,0,0
793,793000,0.0048,-0.0081,0.0141,0.0108,-72.4563,82.1034,-8.9935,0,0,0,0
794,794000,-0.0033,0.0070,-0.0016,0.0020,-85.7071,66.3058,18.6969,0,0,0,0
795,795000,-0.0140,-0.0115,-0.0070,-0.0324,-89.9849,44.7895,45.2859,0,0,0,0
796,796000,0.0030,-0.0064,-0.0129,-0.0162,-85.8377,18.6544,66.9209,0,0,0,0
797,797000,-0.0070,0.0133,0.0103,0.0166,-72.5490,-9.0978,82.4338,0,0,0,0
798,798000,0.0141,-0.0003,0.0106,0.0244,-52.6729,-36.5547,89.5477,0,0,0,0
799,799000,0.0087,-0.0133,-0.0098,-0.0144,-28.1690,-59.7436,88.0641,0,0,0,0
800,800000,0.0105,-0.0023,-0.0126,-0.0043,-0.3308,-77.4712,77.9052,0,0,0,0
801,801000,-0.0124,0.0012,-0.0086,-0.0198,27.3927,-87.4178,60.2001,0,0,0,0
802,802000,-0.0137,0.0098,0.0059,0.0021,53.0946,-89.4874,36.8953,0,0,0,0
803,803000,0.0025,0.0005,-0.0027,0.0002,73.0606,-81.6541,9.6915,0,0,0,0
804,804000,0.0048,0.0092,0.0065,0.0205,85.0280,-66.7439,-19.0472,0,0,0,0
805,805000,-0.0016,-0.0085,-0.0092,-0.0194,89.6130,-44.9024,-44.6856,0,0,0,0
806,806000,0.0096,-0.0064,-0.0045,-0.0013,84.9726,-18.8076,-66.6840,0,0,0,0
807,807000,0.0056,-0.0010,-0.0116,-0.0071,72.7210,9.0435,-81.8436,0,0,0,0
808,808000,-0.0089,0.0132,0.0082,0.0124,52.8736,36.7705,-89.5763,0,0,0,0
809,809000,-0.0035,0.0063,0.0095,0.0123,27.3782,59.8702,-87.7241,0,0,0,0
810,810000,0.0114,0.0072,-0.0126,0.0060,-0.2774,77.4519,-77.5968,0,0,0,0
811,811000,-0.0091,-0.0052,-0.0088,-0.0231,-28.0772,87.6058,-59.7532,0,0,0,0
812,812000,-0.0091,0.0056,-0.0003,-0.0038,-52.9759,89.1111,-36.4602,0,0,0,0
813,813000,-0.0043,-0.0014,0.0094,0.0037,-72.5342,82.1674,-9.8043,0,0,0,0
814,814000,0.0095,0.0011,0.0057,0.0163,-85.5215,66.4854,18.5360,0,0,0,0
815,815000,0.0088,-0.0083,0.0001,0.0006,-89.5485,45.0866,45.2036,0,0,0,0
816,816000,0.0083,0.0077,-0.0009,0.0151,-85.7863,18.4564,66.3244,0,0,0,0
817,817000,-0.0109,-0.0089,0.0025,-0.0173,-72.5194,-9.7117,81.9350,0,0,0,0
818,818000,-0.0035,-0.0132,0.0037,-0.0130,-52.7123,-36.3501,89.6543,0,0,0,0
819,819000,-0.0139,-0.0047,-0.0113,-0.0299,-27.8248,-59.9649,88.2230,0,0,0,0
820,820000,-0.0055,-0.0089,0.0087,-0.0056,-0.0298,-78.2113,77.7426,0,0,0,0
821,821000,0.0021,-0.0028,-0.0070,-0.0077,27.6958,-87.5519,59.9838,0,0,0,0
822,822000,-0.0046,-0.0057,0.0107,0.0004,52.9521,-88.8998,36.7673,0,0,0,0
823,823000,0.0113,-0.0022,0.0128,0.0219,72.6678,-81.8036,9.2990,0,0,0,0
824,824000,-0.0133,0.0119,0.0132,0.0118,85.4297,-66.3981,-18.2758,0,0,0,0
825,825000,-0.0085,0.0071,-0.0047,-0.0061,90.2389,-45.2397,-44.4942,0,0,0,0
826,826000,0.0133,0.0075,-0.0012,0.0197,85.2475,-18.4027,-67.0458,0,0,0,0
827,827000,-0.0141,0.0108,-0.0119,-0.0152,72.3450,9.2097,-82.2867,0,0,0,0
828,828000,-0.0084,-0.0072,0.0098,-0.0058,52.4236,36.6968,-89.4355,0,0,0,0
829,829000,-0.0006,-0.0008,0.0056,0.0042,27.6148,60.2655,-87.4812,0,0,0,0
830,830000,0.0048,0.0058,-0.0114,-0.0008,0.2976,78.0180,-78.1154,0,0,0,0
831,831000,0.0074,0.0077,0.0090,0.0242,-28.0834,88.2094,-59.8908,0,0,0,0
832,832000,-0.0021,-0.0121,0.0068,-0.0074,-52.8870,89.3121,-36.4533,0,0,0,0
833,833000,-0.0079,0.0076,-0.0045,-0.0048,-72.5641,81.9322,-9.0979,0,0,0,0
834,834000,0.0031,0.0117,-0.0102,0.0046,-85.1927,66.8760,18.3933,0,0,0,0
835,835000,-0.0082,-0.0045,-0.0021,-0.0148,-89.8726,45.0457,44.7142,0,0,0,0
836,836000,-0.0032,-0.0132,-0.0022,-0.0186,-85.1302,19.0853,66.4431,0,0,0,0
837,837000,0.0052,-0.0010,0.0053,0.0094,-72.3614,-9.7630,81.6917,0,0,0,0
838,838000,0.0103,-0.0138,0.0021,-0.0014,-52.5191,-36.6934,89.2184,0,0,0,0
839,839000,-0.0013,0.0130,0.0077,0.0194,-27.7667,-60.1860,87.6750,0,0,0,0
840,840000,-0.0068,0.0029,-0.0014,-0.0053,0.1205,-77.5101,77.6675,0,0,0,0
841,841000,-0.0007,0.0010,0.0081,0.0083,27.6061,-87.9733,60.5295,0,0,0,0
842,842000,0.0009,0.0049,-0.0046,0.0012,52.6871,-89.6366,36.9209,0,0,0,0
843,843000,0.0025,0.0088,-0.0013,0.0101,72.3900,-81.8453,8.9827,0,0,0,0
844,844000,-0.0062,-0.0003,0.0110,0.0045,85.0789,-66.8646,-18.5061,0,0,0,0
845,845000,-0.0070,-0.0058,0.0012,-0.0116,89.6686,-44.6207,-45.1959,0,0,0,0
846,846000,-0.0040,-0.0050,0.0027,-0.0063,84.9854,-18.5514,-66.8735,0,0,0,0
847,847000,-0.0131,-0.0071,-0.0115,-0.0317,72.8759,9.0146,-81.8461,0,0,0,0
848,848000,0.0038,-0.0064,0.0053,0.0027,52.7298,36.9547,-89.5524,0,0,0,0
849,849000,0.0092,0.0066,-0.0012,0.0146,28.0551,60.1189,-88.2323,0,0,0,0
850,850000,-0.0036,0.0135,0.0108,0.0207,-0.3173,77.9055,-77.8878,0,0,0,0
851,851000,0.0136,0.0121,-0.0022,0.0235,-28.1326,88.0758,-60.5267,0,0,0,0
852,852000,0.0127,0.0043,0.0095,0.0266,-53.0101,89.6665,-36.5907,0,0,0,0
853,853000,-0.0108,-0.0068,0.0004,-0.0172,-72.9385,81.8730,-9.0700,0,0,0,0
854,854000,-0.0072,-0.0036,0.0074,-0.0034,-85.1503,66.7209,18.6169,0,0,0,0
855,855000,0.0070,-0.0063,0.0030,0.0036,-89.5647,45.0613,45.2753,0,0,0,0
856,856000,0.0050,-0.0026,-0.0024,-0.0000,-85.6230,18.2412,66.4127,0,0,0,0
857,857000,-0.0066,0.0135,-0.0079,-0.0010,-72.5726,-9.5515,81.6169,0,0,0,0
858,858000,-0.0050,-0.0060,0.0092,-0.0017,-53.1836,-36.3405,89.4016,0,0,0,0
859,859000,0.0038,-0.0031,-0.0138,-0.0131,-27.9081,-59.7116,87.7088,0,0,0,0
860,860000,-0.0043,-0.0011,-0.0082,-0.0136,-0.0500,-77.5639,77.9593,0,0,0,0
861,861000,0.0049,-0.0132,0.0132,0.0049,27.5348,-87.5355,60.2157,0,0,0,0
862,862000,0.0017,-0.0083,-0.0037,-0.0102,52.6528,-88.8871,36.3439,0,0,0,0
863,863000,-0.0052,-0.0133,-0.0094,-0.0280,72.8183,-81.9376,9.2549,0,0,0,0
864,864000,-0.0019,-0.0135,0.0016,-0.0138,85.8641,-66.3201,-18.6818,0,0,0,0
865,865000,-0.0075,-0.0104,0.0099,-0.0080,90.1929,-44.8111,-45.2693,0,0,0,0
866,866000,-0.0080,0.0020,-0.0096,-0.0156,85.8608,-18.9622,-66.4960,0,0,0,0
867,867000,0.0066,-0.0026,-0.0023,0.0017,72.5727,9.6139,-81.9606,0,0,0,0
868,868000,-0.0051,-0.0112,0.0130,-0.0032,52.6688,36.8765,-89.0875,0,0,0,0
869,869000,-0.0052,-0.0030,-0.0001,-0.0084,27.7862,60.4202,-87.8844,0,0,0,0
870,870000,0.0092,0.0120,-0.0060,0.0152,-0.0454,77.4922,-77.7524,0,0,0,0
871,871000,-0.0047,-0.0093,-0.0033,-0.0173,-27.7866,88.2178,-59.9602,0,0,0,0
872,872000,0.0134,0.0039,-0.0102,0.0070,-52.8723,89.4294,-36.4232,0,0,0,0
873,873000,0.0141,0.0066,-0.0049,0.0157,-72.5721,82.4499,-9.6128,0,0,0,0
874,874000,0.0020,-0.0116,0.0069,-0.0027,-85.4440,66.6288,19.0180,0,0,0,0
875,875000,0.0044,0.0103,-0.0096,0.0051,-89.7679,45.2219,44.7897,0,0,0,0
876,876000,0.0106,0.0124,-0.0050,0.0179,-85.7105,19.0520,66.5593,0,0,0,0
877,877000,0.0112,-0.0011,0.0029,0.0130,-72.9247,-9.6172,82.4896,0,0,0,0
878,878000,0.0084,0.0000,0.0029,0.0113,-52.3671,-36.8801,89.1711,0,0,0,0
879,879000,0.0119,-0.0011,-0.0139,-0.0031,-28.0603,-59.6823,87.4319,0,0,0,0
880,880000,0.0050,0.0140,-0.0122,0.0069,0.3297,-77.4565,77.7073,0,0,0,0
881,881000,-0.0068,-0.0107,0.0042,-0.0133,27.9482,-87.6035,60.1284,0,0,0,0
882,882000,-0.0135,0.0064,-0.0029,-0.0100,52.7745,-89.5086,36.8204,0,0,0,0
883,883000,0.0076,0.0061,0.0042,0.0180,72.5388,-82.0394,9.3240,0,0,0,0
884,884000,-0.0106,-0.0067,0.0072,-0.0102,85.1008,-66.4532,-19.0222,0,0,0,0
885,885000,-0.0094,-0.0045,0.0084,-0.0055,89.7364,-44.5364,-45.1677,0,0,0,0
886,886000,-0.0114,-0.0120,-0.0002,-0.0237,85.5464,-18.3150,-66.9745,0,0,0,0
887,887000,-0.0068,-0.0016,0.0056,-0.0027,72.4777,9.6463,-81.9885,0,0,0,0
888,888000,0.0027,-0.0100,-0.0079,-0.0152,53.0264,36.3409,-89.4386,0,0,0,0
889,889000,-0.0039,0.0126,0.0038,0.0125,27.5667,59.7908,-87.8742,0,0,0,0
890,890000,-0.0017,0.0069,-0.0100,-0.0048,-0.1842,77.9570,-77.9683,0,0,0,0
891,891000,-0.0033,-0.0134,-0.0056,-0.0222,-27.6314,87.5930,-60.0221,0,0,0,0
892,892000,-0.0068,0.0069,-0.0027,-0.0025,-52.5931,89.7682,-36.4245,0,0,0,0
893,893000,-0.0093,-0.0097,-0.0053,-0.0243,-72.8015,82.3664,-9.5010,0,0,0,0
894,894000,0.0103,-0.0094,-0.0092,-0.0082,-85.4320,66.7679,19.0302,0,0,0,0
895,895000,-0.0137,-0.0045,-0.0078,-0.0260,-89.4132,44.7360,44.7082,0,0,0,0
896,896000,0.0079,0.0042,-0.0012,0.0110,-85.1590,18.5446,67.1159,0,0,0,0
897,897000,0.0115,0.0098,0.0007,0.0220,-72.3562,-9.1339,81.8058,0,0,0,0
898,898000,-0.0084,-0.0029,-0.0048,-0.0161,-52.6442,-36.8912,88.9339,0,0,0,0
899,899000,0.0015,0.0068,0.0133,0.0216,-27.7230,-59.7631,87.4532,0,0,0,0
900,900000,0.0019,-0.0069,0.0054,0.0004,-0.2264,-77.5667,77.9172,0,0,0,0
901,901000,-0.0072,-0.0012,0.0031,-0.0054,27.9246,-88.2649,60.1444,0,0,0,0
902,902000,-0.0116,0.0094,0.0114,0.0092,52.5133,-89.7145,36.5512,0,0,0,0
903,903000,-0.0124,0.0024,-0.0010,-0.0110,72.4169,-81.9767,9.4214,0,0,0,0
904,904000,0.0080,0.0038,-0.0108,0.0009,85.2561,-67.0179,-19.0477,0,0,0,0
905,905000,-0.0086,-0.0081,0.0020,-0.0147,89.8527,-44.9188,-44.8339,0,0,0,0
906,906000,0.0102,0.0109,-0.0086,0.0125,85.0699,-18.4244,-66.4707,0,0,0,0
907,907000,0.0032,-0.0141,0.0029,-0.0080,72.6223,9.6168,-82.0564,0,0,0,0
908,908000,-0.0091,0.0004,-0.0057,-0.0144,52.7983,36.9364,-88.9928,0,0,0,0
909,909000,-0.0071,0.0017,-0.0017,-0.0071,27.5524,59.9260,-87.4233,0,0,0,0
910,910000,0.0126,-0.0051,-0.0008,0.0067,-0.0112,78.2078,-78.0843,0,0,0,0
911,911000,-0.0123,-0.0055,-0.0016,-0.0194,-27.8153,88.2339,-59.9739,0,0,0,0
912,912000,0.0011,0.0079,-0.0081,0.0009,-53.0767,89.5587,-36.5293,0,0,0,0
913,913000,-0.0051,-0.0112,0.0031,-0.0132,-72.6343,81.8702,-9.3244,0,0,0,0
914,914000,-0.0098,0.0075,0.0100,0.0077,-85.7274,67.0020,18.7724,0,0,0,0
915,915000,-0.0097,0.0136,0.0082,0.0121,-89.4044,45.0452,45.1586,0,0,0,0
916,916000,-0.0065,-0.0008,-0.0056,-0.0129,-85.0300,18.9935,66.4264,0,0,0,0
917,917000,-0.0047,0.0069,-0.0021,0.0001,-72.7927,-9.4334,81.9541,0,0,0,0
918,918000,-0.0023,-0.0027,-0.0041,-0.0092,-52.5562,-36.1100,89.5969,0,0,0,0
919,919000,0.0134,-0.0136,-0.0082,-0.0084,-27.5144,-59.9142,88.0466,0,0,0,0
920,920000,-0.0058,-0.0050,-0.0049,-0.0158,-0.1136,-77.5205,77.8356,0,0,0,0
921,921000,-0.0085,0.0001,-0.0111,-0.0195,27.4983,-87.5319,59.8670,0,0,0,0
922,922000,-0.0049,0.0063,0.0133,0.0146,52.7735,-89.3497,36.1231,0,0,0,0
923,923000,0.0045,0.0116,-0.0062,0.0099,72.8302,-82.0614,9.4840,0,0,0,0
924,924000,-0.0035,0.0039,-0.0037,-0.0033,85.0608,-66.9464,-18.2931,0,0,0,0
925,925000,-0.0110,0.0071,0.0078,0.0038,89.4862,-45.0649,-44.9848,0,0,0,0
926,926000,-0.0098,-0.0057,-0.0117,-0.0272,85.1048,-18.9430,-66.9741,0,0,0,0
927,927000,0.0021,-0.0068,-0.0059,-0.0106,72.8976,9.4161,-82.4792,0,0,0,0
928,928000,0.0077,0.0081,-0.0053,0.0105,52.4037,36.7208,-89.0052,0,0,0,0
929,929000,0.0115,0.0109,-0.0009,0.0214,27.7056,59.8140,-87.8872,0,0,0,0
930,930000,-0.0047,0.0058,0.0070,0.0081,0.1596,77.5620,-78.2100,0,0,0,0
931,931000,-0.0108,-0.0029,-0.0128,-0.0265,-27.8344,87.8397,-60.0722,0,0,0,0
932,932000,0.0117,-0.0137,-0.0132,-0.0152,-52.7807,89.2662,-36.5271,0,0,0,0
933,933000,0.0084,-0.0002,0.0038,0.0120,-72.4010,82.1169,-9.1776,0,0,0,0
934,934000,0.0018,0.0079,0.0084,0.0182,-84.9929,66.7738,18.9845,0,0,0,0
935,935000,-0.0117,0.0031,0.0071,-0.0014,-89.4352,45.3501,45.1472,0,0,0,0
936,936000,-0.0020,-0.0014,0.0068,0.0034,-85.6192,19.0153,66.8804,0,0,0,0
937,937000,-0.0121,-0.0045,0.0054,-0.0112,-72.5288,-9.3633,82.3373,0,0,0,0
938,938000,-0.0019,0.0021,0.0093,0.0095,-53.2215,-36.9743,88.8905,0,0,0,0
939,939000,-0.0078,-0.0068,0.0049,-0.0097,-27.8197,-60.3466,87.6962,0,0,0,0
940,940000,-0.0012,0.0076,-0.0041,0.0023,0.1486,-77.7149,78.1233,0,0,0,0
941,941000,0.0104,0.0077,-0.0090,0.0091,27.4422,-88.1159,59.6722,0,0,0,0
942,942000,0.0029,0.0079,0.0129,0.0236,53.1013,-89.2866,36.3759,0,0,0,0
943,943000,-0.0052,-0.0082,-0.0021,-0.0156,72.4192,-82.2267,9.1826,0,0,0,0
944,944000,0.0123,-0.0041,0.0113,0.0195,85.1648,-67.0710,-18.7277,0,0,0,0
945,945000,0.0095,-0.0016,0.0068,0.0147,89.7025,-44.6882,-45.0147,0,0,0,0
946,946000,-0.0015,-0.0083,0.0089,-0.0009,85.3282,-18.7808,-67.1110,0,0,0,0
947,947000,-0.0092,0.0064,0.0073,0.0044,73.0327,9.0484,-82.3907,0,0,0,0
948,948000,-0.0003,0.0071,-0.0087,-0.0020,52.8859,36.3664,-88.8869,0,0,0,0
949,949000,0.0085,-0.0069,-0.0012,0.0003,27.6284,59.7492,-88.2945,0,0,0,0
950,950000,0.0086,0.0101,0.0126,0.0313,-0.0895,77.6512,-77.4795,0,0,0,0
951,951000,-0.0019,-0.0056,-0.0118,-0.0193,-27.4419,88.3008,-59.9688,0,0,0,0
952,952000,-0.0031,0.0128,0.0042,0.0138,-52.8174,89.1203,-36.6896,0,0,0,0
953,953000,-0.0102,0.0018,-0.0097,-0.0181,-72.8870,81.7156,-9.2130,0,0,0,0
954,954000,0.0074,0.0086,0.0046,0.0205,-85.8129,67.0743,18.5583,0,0,0,0
955,955000,-0.0024,-0.0093,0.0132,0.0015,-90.1223,45.2992,45.1246,0,0,0,0
956,956000,0.0088,0.0107,-0.0095,0.0099,-85.7047,18.3227,66.7431,0,0,0,0
957,957000,-0.0055,0.0116,-0.0051,0.0010,-72.5490,-9.5991,82.3042,0,0,0,0
958,958000,-0.0048,-0.0132,0.0117,-0.0062,-52.4425,-36.1968,88.9153,0,0,0,0
959,959000,-0.0035,0.0007,-0.0137,-0.0165,-27.6658,-60.4047,88.2087,0,0,0,0
960,960000,-0.0115,-0.0110,0.0137,-0.0088,0.4385,-77.8036,78.1016,0,0,0,0
961,961000,0.0010,0.0029,-0.0053,-0.0014,27.4259,-87.7290,60.0703,0,0,0,0
962,962000,0.0114,0.0044,0.0032,0.0190,52.4578,-89.4433,36.7252,0,0,0,0
963,963000,-0.0006,0.0100,-0.0079,0.0014,72.8849,-82.3225,9.0557,0,0,0,0
964,964000,0.0125,-0.0118,-0.0027,-0.0020,85.1723,-67.1092,-18.3260,0,0,0,0
965,965000,-0.0112,-0.0089,-0.0048,-0.0249,89.5687,-44.7642,-44.4816,0,0,0,0
966,966000,0.0048,0.0022,0.0074,0.0143,85.4367,-18.3290,-67.0761,0,0,0,0
967,967000,-0.0022,0.0022,-0.0132,-0.0131,72.8063,9.7785,-81.6851,0,0,0,0
968,968000,-0.0033,-0.0085,-0.0101,-0.0219,52.3858,36.2454,-89.7410,0,0,0,0
969,969000,0.0083,-0.0050,-0.0005,0.0029,27.4506,60.1625,-87.9922,0,0,0,0
970,970000,0.0036,0.0022,-0.0081,-0.0022,0.2847,77.7387,-77.6728,0,0,0,0
971,971000,0.0013,-0.0062,0.0120,0.0070,-28.0975,88.0931,-60.2439,0,0,0,0
972,972000,0.0111,0.0087,0.0014,0.0212,-53.0115,89.3113,-36.3843,0,0,0,0
973,973000,0.0048,0.0005,-0.0038,0.0015,-72.8031,81.6574,-9.2604,0,0,0,0
974,974000,0.0131,-0.0077,-0.0110,-0.0056,-85.7545,66.7070,18.7188,0,0,0,0
975,975000,-0.0058,-0.0055,0.0137,0.0025,-89.4793,44.8500,44.5328,0,0,0,0
976,976000,0.0104,-0.0029,0.0141,0.0216,-85.4145,19.0698,66.4712,0,0,0,0
977,977000,0.0096,-0.0137,-0.0041,-0.0082,-72.9114,-9.1785,82.1404,0,0,0,0
978,978000,-0.0098,0.0007,-0.0039,-0.0130,-52.4684,-36.2612,89.0805,0,0,0,0
979,979000,0.0126,-0.0036,-0.0095,-0.0004,-27.7265,-60.4568,87.9726,0,0,0,0
980,980000,0.0033,0.0071,0.0125,0.0230,0.3083,-78.0943,77.8802,0,0,0,0
981,981000,0.0101,0.0130,-0.0058,0.0174,27.5552,-87.4488,60.4578,0,0,0,0
982,982000,0.0134,-0.0009,0.0124,0.0248,53.1454,-89.6494,36.0821,0,0,0,0
983,983000,-0.0070,-0.0053,0.0032,-0.0092,72.7116,-81.6698,9.8007,0,0,0,0
984,984000,-0.0125,-0.0101,0.0075,-0.0151,85.3383,-66.4557,-18.3978,0,0,0,0
985,985000,0.0128,0.0081,-0.0031,0.0178,89.5833,-44.7761,-45.1827,0,0,0,0
986,986000,0.0095,0.0131,0.0111,0.0337,85.0331,-18.8745,-67.0835,0,0,0,0
987,987000,0.0068,-0.0098,0.0049,0.0018,73.0606,9.3373,-81.8157,0,0,0,0
988,988000,-0.0138,-0.0053,0.0036,-0.0155,52.4480,36.1740,-89.3486,0,0,0,0
989,989000,0.0045,-0.0106,-0.0013,-0.0074,27.5736,60.3159,-88.2378,0,0,0,0
990,990000,0.0135,-0.0045,0.0138,0.0229,0.3687,77.5771,-77.8882,0,0,0,0
991,991000,0.0111,-0.0009,0.0106,0.0208,-28.1020,87.9283,-59.9258,0,0,0,0
992,992000,0.0083,-0.0078,0.0141,0.0146,-52.5596,88.9661,-36.4381,0,0,0,0
993,993000,0.0028,0.0104,0.0095,0.0228,-72.7850,82.1979,-8.9721,0,0,0,0
994,994000,-0.0022,0.0103,0.0063,0.0145,-85.2948,66.5479,18.4722,0,0,0,0
995,995000,-0.0070,-0.0023,0.0137,0.0044,-89.8076,45.2094,44.5329,0,0,0,0
996,996000,-0.0113,-0.0073,0.0026,-0.0160,-85.1440,18.6690,66.8940,0,0,0,0
997,997000,-0.0112,0.0059,0.0095,0.0042,-72.4092,-9.3337,81.9382,0,0,0,0
998,998000,0.0005,-0.0033,0.0026,-0.0002,-52.4098,-36.4396,89.5863,0,0,0,0
999,999000,0.0128,-0.0108,-0.0039,-0.0019,-27.6863,-59.8606,88.0070,0,0,0,0
