0,0,-0.2714,-0.2858,0.5614,0.0041,-0.0702,-77.5623,78.0405,0,0,0,1
1,1000,-0.1076,-0.4197,0.5469,0.0195,27.8201,-87.4566,60.2128,0,0,0,1
2,2000,0.0670,-0.5302,0.4442,-0.0190,52.9436,-89.2625,36.9314,0,0,0,1
3,3000,0.2187,-0.5540,0.3424,0.0071,73.0394,-81.8440,9.1668,0,0,0,1
4,4000,0.3875,-0.5399,0.1733,0.0209,85.2787,-66.9710,-19.0797,0,0,0,1
5,5000,0.4887,-0.4966,-0.0082,-0.0161,90.2556,-44.6436,-44.6641,0,0,0,1
6,6000,0.5547,-0.3813,-0.1659,0.0075,85.2588,-18.8095,-66.4357,0,0,0,1
7,7000,0.5727,-0.2268,-0.3230,0.0229,72.5123,9.6036,-82.2944,0,0,0,1
8,8000,0.5261,-0.0529,-0.4629,0.0103,52.4336,36.6561,-89.3251,0,0,0,1
9,9000,0.4115,0.1110,-0.5422,-0.0198,27.6489,60.2840,-87.5772,0,0,0,1
10,10000,0.2940,0.2958,-0.5767,0.0132,0.2288,77.6226,-77.7082,0,0,0,1
11,11000,0.1292,0.4221,-0.5369,0.0144,-27.5744,88.0826,-60.1894,0,0,0,1
12,12000,-0.0536,0.5052,-0.4470,0.0046,-53.0624,89.4106,-36.6165,0,0,0,1
13,13000,-0.2368,0.5635,-0.3206,0.0062,-72.4677,81.9570,-9.7442,0,0,0,1
14,14000,-0.3656,0.5643,-0.1728,0.0258,-85.1363,66.5602,18.2983,0,0,0,1
15,15000,-0.4758,0.4769,0.0047,0.0059,-89.8662,44.9504,44.7041,0,0,0,1
16,16000,-0.5535,0.3922,0.1671,0.0058,-85.1195,18.4448,66.8781,0,0,0,1
17,17000,-0.5706,0.2228,0.3357,-0.0121,-73.0995,-9.8186,82.3533,0,0,0,1
18,18000,-0.5192,0.0611,0.4675,0.0093,-52.7457,-36.6096,89.3953,0,0,0,1
19,19000,-0.4168,-0.1041,0.5438,0.0230,-27.4052,-59.8761,88.2848,0,0,0,1
20,20000,-0.2743,-0.2865,0.5780,0.0173,-0.2124,-77.4224,77.6202,0,0,0,1
21,21000,-0.1217,-0.4307,0.5518,-0.0006,28.1657,-87.5287,59.8704,0,0,0,1
22,22000,0.0602,-0.5032,0.4579,0.0149,52.4583,-89.0673,36.5091,0,0,0,1
23,23000,0.2248,-0.5596,0.3387,0.0038,72.9375,-81.8521,9.5184,0,0,0,1
24,24000,0.3800,-0.5543,0.1622,-0.0121,85.8545,-66.6786,-18.5668,0,0,0,1
25,25000,0.4898,-0.4771,0.0017,0.0144,89.7573,-45.2025,-44.8543,0,0,0,1
26,26000,0.5408,-0.3681,-0.1697,0.0030,85.2819,-18.9898,-67.1356,0,0,0,1
27,27000,0.5688,-0.2174,-0.3265,0.0249,72.7242,9.5927,-82.0580,0,0,0,1
28,28000,0.5226,-0.0454,-0.4590,0.0182,53.1894,36.2751,-89.2881,0,0,0,1
29,29000,0.4253,0.1196,-0.5254,0.0195,27.6020,60.4354,-88.1715,0,0,0,1
30,30000,0.2840,0.2776,-0.5626,-0.0010,0.1629,77.3388,-77.5912,0,0,0,1
31,31000,0.1136,0.4339,-0.5372,0.0103,-28.0958,87.9542,-59.8908,0,0,0,1
32,32000,-0.0526,0.5197,-0.4667,0.0004,-53.0173,89.5551,-36.8172,0,0,0,1
33,33000,-0.2259,0.5518,-0.3199,0.0061,-72.6661,81.6807,-9.3217,0,0,0,1
34,34000,-0.3658,0.5507,-0.1850,-0.0001,-85.5199,66.9217,18.5328,0,0,0,1
35,35000,-0.5013,0.4958,-0.0000,-0.0056,-89.9447,45.2478,44.6240,0,0,0,1
36,36000,-0.5561,0.3923,0.1703,0.0064,-85.6643,18.7930,66.9714,0,0,0,1
37,37000,-0.5619,0.2331,0.3200,-0.0088,-73.0923,-8.9553,81.9358,0,0,0,1
38,38000,-0.5262,0.0600,0.4544,-0.0118,-52.3753,-36.9758,88.8984,0,0,0,1
39,39000,-0.4089,-0.1074,0.5292,0.0128,-27.6973,-59.6884,87.9605,0,0,0,1
40,40000,-0.2918,-0.2872,0.5774,-0.0017,-0.2529,-77.4475,77.8713,0,0,0,1
41,41000,-0.1155,-0.4145,0.5289,-0.0012,28.1058,-87.5110,59.7823,0,0,0,1
42,42000,0.0682,-0.5298,0.4706,0.0089,52.3699,-89.2888,36.9267,0,0,0,1
43,43000,0.2388,-0.5685,0.3235,-0.0062,72.4924,-82.1853,9.4048,0,0,0,1
44,44000,0.3898,-0.5504,0.1867,0.0261,85.4167,-66.2986,-18.2803,0,0,0,1
45,45000,0.5020,-0.4930,-0.0109,-0.0019,89.8577,-44.9541,-44.8584,0,0,0,1
46,46000,0.5488,-0.3859,-0.1836,-0.0208,85.2982,-18.3883,-66.8312,0,0,0,1
47,47000,0.5586,-0.2182,-0.3209,0.0195,73.0357,9.6674,-81.8633,0,0,0,1
48,48000,0.5264,-0.0586,-0.4627,0.0051,52.4314,36.6778,-89.2981,0,0,0,1
49,49000,0.4225,0.1146,-0.5465,-0.0093,27.7829,60.1394,-88.0133,0,0,0,1
50,50000,0.2814,0.2954,-0.5675,0.0093,-0.2712,77.7156,-78.1568,0,0,0,1
51,51000,0.1041,0.4221,-0.5435,-0.0172,-28.1096,87.9505,-59.6556,0,0,0,1
52,52000,-0.0515,0.5224,-0.4706,0.0003,-52.5485,89.3474,-36.1296,0,0,0,1
53,53000,-0.2355,0.5739,-0.3285,0.0099,-72.5830,82.0882,-9.1733,0,0,0,1
54,54000,-0.3775,0.5478,-0.1617,0.0085,-85.8255,66.4653,18.2715,0,0,0,1
55,55000,-0.4807,0.4966,-0.0091,0.0069,-89.4790,44.9289,44.7913,0,0,0,1
56,56000,-0.5477,0.3672,0.1859,0.0054,-85.0499,19.0776,66.9360,0,0,0,1
57,57000,-0.5747,0.2218,0.3188,-0.0341,-72.9278,-9.2621,82.4288,0,0,0,1
58,58000,-0.5251,0.0711,0.4503,-0.0037,-52.6216,-36.9757,89.6043,0,0,0,1
59,59000,-0.4110,-0.1038,0.5344,0.0195,-27.3192,-59.8044,88.1553,0,0,0,1
60,60000,-0.2957,-0.2900,0.5765,-0.0093,-0.3218,-77.6304,77.7124,0,0,0,1
61,61000,-0.1156,-0.4168,0.5487,0.0163,28.0809,-88.1170,60.3102,0,0,0,1
62,62000,0.0527,-0.5192,0.4514,-0.0151,52.9626,-89.4002,36.8911,0,0,0,1
63,63000,0.2390,-0.5598,0.3295,0.0088,72.6510,-81.9361,9.5642,0,0,0,1
64,64000,0.3771,-0.5612,0.1639,-0.0202,85.5651,-66.6217,-18.3123,0,0,0,1
65,65000,0.4896,-0.4948,-0.0069,-0.0121,89.5302,-44.5090,-44.7448,0,0,0,1
66,66000,0.5655,-0.3775,-0.1728,0.0152,85.3274,-18.8669,-67.0969,0,0,0,1
67,67000,0.5518,-0.2192,-0.3310,0.0016,72.9515,9.7925,-82.0516,0,0,0,1
68,68000,0.5062,-0.0600,-0.4653,-0.0191,53.2368,36.1800,-89.0234,0,0,0,1
69,69000,0.4115,0.1263,-0.5347,0.0030,27.9900,59.8658,-87.9075,0,0,0,1
70,70000,0.2727,0.2699,-0.5581,-0.0155,0.0871,78.1712,-78.0611,0,0,0,1
71,71000,0.1094,0.4223,-0.5425,-0.0107,-27.9178,88.2549,-59.6932,0,0,0,1
72,72000,-0.0472,0.5083,-0.4607,0.0004,-52.9263,89.4521,-36.8425,0,0,0,1
73,73000,-0.2360,0.5536,-0.3280,-0.0104,-73.0535,81.7752,-9.4431,0,0,0,1
74,74000,-0.3680,0.5461,-0.1732,0.0049,-85.8055,66.7709,18.3532,0,0,0,1
75,75000,-0.4768,0.4951,0.0010,0.0193,-90.2128,44.8264,45.0138,0,0,0,1
76,76000,-0.5627,0.3749,0.1636,-0.0242,-85.0301,18.3533,66.5061,0,0,0,1
77,77000,-0.5659,0.2390,0.3217,-0.0052,-72.6052,-9.1469,81.8023,0,0,0,1
78,78000,-0.5132,0.0471,0.4693,0.0032,-52.7346,-36.3972,89.7153,0,0,0,1
79,79000,-0.4163,-0.1143,0.5450,0.0144,-27.9496,-60.1429,88.0162,0,0,0,1
80,80000,-0.2797,-0.2690,0.5775,0.0289,-0.1391,-77.8222,77.4702,0,0,0,1
81,81000,-0.1166,-0.4304,0.5288,-0.0182,27.6286,-87.7288,60.5175,0,0,0,1
82,82000,0.0732,-0.5205,0.4663,0.0190,53.1347,-89.7529,36.2111,0,0,0,1
83,83000,0.2290,-0.5614,0.3297,-0.0027,72.8508,-82.2949,9.6937,0,0,0,1
84,84000,0.3744,-0.5556,0.1814,0.0002,85.8157,-66.8192,-18.7239,0,0,0,1
85,85000,0.4867,-0.4948,0.0063,-0.0018,89.6921,-44.9981,-45.1714,0,0,0,1
86,86000,0.5453,-0.3872,-0.1703,-0.0121,85.1412,-18.3380,-66.6385,0,0,0,1
87,87000,0.5739,-0.2226,-0.3284,0.0229,72.7049,9.3057,-82.3070,0,0,0,1
88,88000,0.5066,-0.0548,-0.4482,0.0036,52.4402,36.3516,-89.0760,0,0,0,1
89,89000,0.4239,0.1096,-0.5477,-0.0142,27.3509,60.1441,-87.9559,0,0,0,1
90,90000,0.2833,0.2812,-0.5689,-0.0043,-0.2871,77.9560,-77.6318,0,0,0,1
91,91000,0.1112,0.4222,-0.5408,-0.0074,-27.5333,87.5429,-59.8446,0,0,0,1
92,92000,-0.0677,0.5159,-0.4681,-0.0199,-52.8714,89.6532,-36.1436,0,0,0,1
93,93000,-0.2353,0.5658,-0.3219,0.0086,-72.2726,82.2611,-9.2299,0,0,0,1
94,94000,-0.3704,0.5394,-0.1875,-0.0184,-85.7908,67.0706,18.9902,0,0,0,1
95,95000,-0.4952,0.4815,-0.0081,-0.0218,-89.4537,44.5935,45.2133,0,0,0,1
96,96000,-0.5572,0.3809,0.1741,-0.0022,-85.0512,18.9683,66.9281,0,0,0,1
97,97000,-0.5685,0.2318,0.3227,-0.0140,-73.0195,-9.0282,81.9736,0,0,0,1
98,98000,-0.5159,0.0495,0.4568,-0.0096,-52.6855,-36.4839,89.7567,0,0,0,1
99,99000,-0.4150,-0.1041,0.5280,0.0088,-27.3917,-59.9505,87.8025,0,0,0,1
100,100000,-0.2756,-0.2862,0.5564,-0.0055,-0.3273,-77.8901,77.3506,0,0,0,1
101,101000,-0.1123,-0.4082,0.5290,0.0085,28.0398,-87.7757,60.4516,0,0,0,1
102,102000,0.0724,-0.5149,0.4714,0.0290,53.1928,-88.9763,36.8780,0,0,0,1
103,103000,0.2179,-0.5682,0.3226,-0.0278,72.3337,-82.1453,9.8309,0,0,0,1
104,104000,0.3867,-0.5403,0.1808,0.0273,85.5705,-66.9063,-18.2705,0,0,0,1
105,105000,0.4781,-0.4814,0.0111,0.0077,89.9070,-45.3421,-44.9812,0,0,0,1
106,106000,0.5440,-0.3872,-0.1742,-0.0175,85.7343,-18.8709,-66.3717,0,0,0,1
107,107000,0.5623,-0.2428,-0.3380,-0.0184,73.0260,9.1536,-82.0956,0,0,0,1
108,108000,0.5149,-0.0521,-0.4588,0.0040,52.3790,36.7642,-89.6996,0,0,0,1
109,109000,0.4218,0.1311,-0.5314,0.0216,27.4225,60.2092,-88.2838,0,0,0,1
110,110000,0.2795,0.2794,-0.5608,-0.0019,0.3633,77.3650,-77.6049,0,0,0,1
111,111000,0.1130,0.4304,-0.5406,0.0027,-27.4820,88.1071,-60.2395,0,0,0,1
112,112000,-0.0466,0.5183,-0.4642,0.0074,-52.5949,89.3126,-36.1596,0,0,0,1
113,113000,-0.2182,0.5673,-0.3323,0.0168,-73.0345,81.8868,-9.7353,0,0,0,1
114,114000,-0.3697,0.5422,-0.1784,-0.0059,-85.1437,66.3630,18.3628,0,0,0,1
115,115000,-0.4814,0.5002,-0.0138,0.0051,-89.5642,44.4669,45.1830,0,0,0,1
116,116000,-0.5429,0.3688,0.1853,0.0113,-85.3133,18.7868,66.7100,0,0,0,1
117,117000,-0.5520,0.2189,0.3383,0.0052,-72.4046,-9.7277,81.7799,0,0,0,1
118,118000,-0.5098,0.0476,0.4436,-0.0186,-53.1679,-36.1255,89.5845,0,0,0,1
119,119000,-0.4279,-0.1295,0.5388,-0.0186,-28.1584,-60.2590,87.8304,0,0,0,1
120,120000,-0.2914,-0.2799,0.5597,-0.0116,0.4382,-78.0637,77.9400,0,0,0,1
121,121000,-0.1073,-0.4293,0.5288,-0.0078,27.3602,-88.2954,59.8262,0,0,0,1
122,122000,0.0491,-0.5034,0.4634,0.0090,52.8294,-89.1430,36.1499,0,0,0,1
123,123000,0.2212,-0.5487,0.3363,0.0089,72.5012,-82.3529,9.4711,0,0,0,1
124,124000,0.3814,-0.5594,0.1840,0.0060,85.4248,-66.8113,-18.4620,0,0,0,1
125,125000,0.4908,-0.4767,0.0072,0.0213,89.9537,-45.1304,-45.2983,0,0,0,1
126,126000,0.5410,-0.3719,-0.1658,0.0032,85.2789,-18.5659,-67.1225,0,0,0,1
127,127000,0.5701,-0.2439,-0.3441,-0.0180,72.8557,9.6076,-81.9706,0,0,0,1
128,128000,0.5286,-0.0540,-0.4699,0.0046,52.6673,36.6909,-89.5360,0,0,0,1
129,129000,0.4300,0.1245,-0.5380,0.0165,27.7100,60.0802,-87.6154,0,0,0,1
130,130000,0.2776,0.2741,-0.5786,-0.0270,0.4483,77.8601,-77.9139,0,0,0,1
131,131000,0.1166,0.4324,-0.5246,0.0243,-27.7887,88.1632,-60.1304,0,0,0,1
132,132000,-0.0478,0.5067,-0.4599,-0.0011,-52.8347,89.5476,-36.9580,0,0,0,1
133,133000,-0.2403,0.5764,-0.3353,0.0008,-72.8262,82.1685,-9.8247,0,0,0,1
134,134000,-0.3703,0.5441,-0.1837,-0.0100,-85.2735,66.8287,18.3096,0,0,0,1
135,135000,-0.4930,0.4853,-0.0030,-0.0107,-90.1291,44.4777,44.7308,0,0,0,1
136,136000,-0.5404,0.3708,0.1811,0.0115,-85.3745,18.6614,66.6850,0,0,0,1
137,137000,-0.5499,0.2434,0.3456,0.0390,-72.9671,-9.7836,81.6608,0,0,0,1
138,138000,-0.5218,0.0532,0.4702,0.0016,-52.8126,-36.7688,89.5953,0,0,0,1
139,139000,-0.4228,-0.1230,0.5417,-0.0041,-28.1917,-60.4043,88.0173,0,0,0,1
140,140000,-0.2849,-0.2933,0.5720,-0.0061,-0.3396,-77.9776,78.0576,0,0,0,1
141,141000,-0.1073,-0.4071,0.5365,0.0221,27.6371,-88.2443,60.0232,0,0,0,1
142,142000,0.0509,-0.5243,0.4523,-0.0211,52.6356,-88.9886,36.9043,0,0,0,1
143,143000,0.2435,-0.5610,0.3277,0.0101,72.9192,-81.9804,9.1137,0,0,0,1
144,144000,0.3680,-0.5496,0.1671,-0.0145,85.2588,-66.3221,-18.5901,0,0,0,1
145,145000,0.4825,-0.4902,-0.0136,-0.0214,90.1017,-44.9345,-44.8975,0,0,0,1
146,146000,0.5419,-0.3750,-0.1751,-0.0082,85.6435,-19.0496,-66.6531,0,0,0,1
147,147000,0.5736,-0.2367,-0.3247,0.0123,73.0732,9.3428,-81.7881,0,0,0,1
148,148000,0.5104,-0.0493,-0.4648,-0.0037,52.4711,36.1348,-89.2031,0,0,0,1
149,149000,0.4155,0.1171,-0.5444,-0.0118,28.0460,59.7799,-88.0136,0,0,0,1
150,150000,0.2966,0.2839,-0.5616,0.0189,0.0941,78.0729,-77.3706,0,0,0,1
151,151000,0.1204,0.4270,-0.5466,0.0007,-28.0952,88.0635,-59.8293,0,0,0,1
152,152000,-0.0653,0.5146,-0.4715,-0.0222,-52.5306,89.6087,-36.7456,0,0,0,1
153,153000,-0.2402,0.5669,-0.3444,-0.0177,-73.0879,82.2854,-9.4197,0,0,0,1
154,154000,-0.3669,0.5569,-0.1722,0.0178,-85.7353,66.7949,18.9056,0,0,0,1
155,155000,-0.5010,0.4836,-0.0013,-0.0188,-90.0180,45.0926,44.6045,0,0,0,1
156,156000,-0.5638,0.3679,0.1763,-0.0197,-85.0091,19.0038,66.6275,0,0,0,1
157,157000,-0.5678,0.2315,0.3366,0.0003,-72.4635,-9.2724,81.9559,0,0,0,1
158,158000,-0.5217,0.0460,0.4595,-0.0162,-52.4899,-36.7259,89.3842,0,0,0,1
159,159000,-0.4095,-0.1115,0.5257,0.0047,-28.1531,-60.4284,87.4639,0,0,0,1
160,160000,-0.2927,-0.2704,0.5729,0.0098,0.0205,-78.0197,78.2060,0,0,0,1
161,161000,-0.1222,-0.4133,0.5393,0.0038,27.6758,-87.8587,60.1199,0,0,0,1
162,162000,0.0631,-0.5265,0.4665,0.0031,52.6983,-89.0326,36.4846,0,0,0,1
163,163000,0.2192,-0.5694,0.3366,-0.0136,73.0311,-82.2839,9.4400,0,0,0,1
164,164000,0.3659,-0.5611,0.1669,-0.0284,85.7268,-67.1563,-18.9136,0,0,0,1
165,165000,0.4801,-0.4899,0.0072,-0.0026,90.1474,-45.0663,-44.7544,0,0,0,1
166,166000,0.5397,-0.3787,-0.1692,-0.0082,85.6573,-18.5211,-66.7003,0,0,0,1
167,167000,0.5496,-0.2383,-0.3464,-0.0352,72.7421,9.4625,-81.8685,0,0,0,1
168,168000,0.5191,-0.0479,-0.4658,0.0055,52.6733,36.2293,-89.2901,0,0,0,1
169,169000,0.4321,0.1114,-0.5377,0.0059,27.9736,60.1482,-88.1575,0,0,0,1
170,170000,0.2744,0.2782,-0.5725,-0.0199,0.0967,77.6264,-78.1238,0,0,0,1
171,171000,0.1115,0.4233,-0.5377,-0.0028,-28.1774,87.9879,-60.1824,0,0,0,1
172,172000,-0.0680,0.5254,-0.4471,0.0103,-53.2034,89.5407,-36.8002,0,0,0,1
173,173000,-0.2281,0.5720,-0.3216,0.0223,-72.4395,82.2062,-9.1027,0,0,0,1
174,174000,-0.3825,0.5569,-0.1639,0.0105,-85.8190,66.8053,18.4511,0,0,0,1
175,175000,-0.4896,0.4819,-0.0047,-0.0124,-89.9854,44.6207,44.9069,0,0,0,1
176,176000,-0.5471,0.3773,0.1820,0.0122,-85.2212,18.5754,67.1232,0,0,0,1
177,177000,-0.5631,0.2384,0.3449,0.0202,-72.5747,-9.2382,81.6704,0,0,0,1
178,178000,-0.5279,0.0459,0.4438,-0.0382,-53.2405,-36.9350,89.1198,0,0,0,1
179,179000,-0.4345,-0.1111,0.5266,-0.0191,-27.8036,-59.6835,87.7334,0,0,0,1
180,180000,-0.2787,-0.2760,0.5595,0.0047,0.4230,-77.8960,77.9197,0,0,0,1
181,181000,-0.1233,-0.4311,0.5368,-0.0177,27.3366,-88.1736,60.4859,0,0,0,1
182,182000,0.0728,-0.5275,0.4704,0.0157,53.1641,-89.1998,36.7938,0,0,0,1
183,183000,0.2408,-0.5718,0.3389,0.0079,73.0496,-82.3977,9.3480,0,0,0,1
184,184000,0.3894,-0.5597,0.1766,0.0063,85.5938,-67.1741,-19.0657,0,0,0,1
185,185000,0.4953,-0.4928,-0.0131,-0.0106,89.5591,-45.0174,-44.9679,0,0,0,1
186,186000,0.5524,-0.3923,-0.1704,-0.0103,85.1269,-18.3166,-66.3326,0,0,0,1
187,187000,0.5732,-0.2239,-0.3391,0.0103,72.8501,9.1212,-81.8959,0,0,0,1
188,188000,0.5299,-0.0538,-0.4436,0.0325,52.5116,36.8096,-89.7321,0,0,0,1
189,189000,0.4222,0.1193,-0.5297,0.0117,28.0749,60.2800,-87.6583,0,0,0,1
190,190000,0.2897,0.2712,-0.5566,0.0043,-0.1917,77.6626,-77.7417,0,0,0,1
191,191000,0.1140,0.4268,-0.5431,-0.0023,-27.3934,87.8886,-59.9726,0,0,0,1
192,192000,-0.0618,0.5132,-0.4501,0.0013,-52.7197,89.7569,-36.8474,0,0,0,1
193,193000,-0.2252,0.5676,-0.3195,0.0229,-72.3118,81.9670,-9.7596,0,0,0,1
194,194000,-0.3855,0.5653,-0.1762,0.0036,-85.7442,66.8759,18.7087,0,0,0,1
195,195000,-0.4848,0.4855,0.0137,0.0143,-89.4646,45.2830,44.5885,0,0,0,1
196,196000,-0.5578,0.3854,0.1769,0.0045,-85.2996,18.9888,67.1739,0,0,0,1
197,197000,-0.5543,0.2272,0.3433,0.0161,-72.3699,-9.0977,82.4903,0,0,0,1
198,198000,-0.5155,0.0613,0.4591,0.0048,-52.7741,-36.7512,89.7199,0,0,0,1
199,199000,-0.4136,-0.1095,0.5331,0.0100,-27.5890,-60.1074,88.1542,0,0,0,1
200,200000,-0.2864,-0.2822,0.5577,-0.0109,0.3924,-77.4949,77.6480,0,0,0,1
201,201000,-0.1202,-0.4315,0.5367,-0.0150,27.9802,-87.7258,60.3980,0,0,0,1
202,202000,0.0703,-0.5309,0.4578,-0.0028,52.5118,-89.0589,36.1786,0,0,0,1
203,203000,0.2200,-0.5499,0.3298,0.0000,72.2773,-82.2816,9.6803,0,0,0,1
204,204000,0.3797,-0.5444,0.1615,-0.0032,85.0565,-67.1732,-19.0138,0,0,0,1
205,205000,0.4810,-0.5020,0.0128,-0.0083,90.0626,-45.1288,-44.9774,0,0,0,1
206,206000,0.5493,-0.3729,-0.1780,-0.0016,85.3317,-18.8529,-67.0071,0,0,0,1
207,207000,0.5606,-0.2307,-0.3455,-0.0156,72.7421,9.4913,-82.0575,0,0,0,1
208,208000,0.5035,-0.0724,-0.4474,-0.0163,52.6297,36.7111,-89.4270,0,0,0,1
209,209000,0.4215,0.1229,-0.5422,0.0022,27.3932,60.2057,-87.4286,0,0,0,1
210,210000,0.2826,0.2698,-0.5542,-0.0018,-0.4245,77.7705,-77.8043,0,0,0,1
211,211000,0.1188,0.4267,-0.5261,0.0195,-28.1288,88.0456,-60.1384,0,0,0,1
212,212000,-0.0521,0.5305,-0.4630,0.0154,-53.0240,88.9044,-36.2820,0,0,0,1
213,213000,-0.2201,0.5601,-0.3430,-0.0030,-72.9161,81.6099,-9.0624,0,0,0,1
214,214000,-0.3706,0.5518,-0.1758,0.0053,-85.0276,66.7471,18.8506,0,0,0,1
215,215000,-0.4931,0.4942,0.0024,0.0036,-89.4329,44.5020,45.0853,0,0,0,1
216,216000,-0.5536,0.3727,0.1689,-0.0120,-85.0575,18.3706,66.5939,0,0,0,1
217,217000,-0.5736,0.2396,0.3321,-0.0019,-72.9716,-9.6584,81.6058,0,0,0,1
218,218000,-0.5090,0.0706,0.4447,0.0064,-52.5162,-36.2862,89.0376,0,0,0,1
219,219000,-0.4249,-0.1078,0.5364,0.0037,-27.5899,-60.3414,88.0323,0,0,0,1
220,220000,-0.2712,-0.2930,0.5783,0.0141,-0.3579,-77.5659,77.8381,0,0,0,1
221,221000,-0.1194,-0.4148,0.5387,0.0046,27.6345,-88.2826,60.2718,0,0,0,1
222,222000,0.0629,-0.5175,0.4593,0.0047,52.4381,-89.5212,36.4611,0,0,0,1
223,223000,0.2178,-0.5499,0.3297,-0.0024,72.4485,-82.1776,9.7648,0,0,0,1
224,224000,0.3900,-0.5640,0.1768,0.0028,85.7561,-67.0489,-18.5256,0,0,0,1
225,225000,0.4884,-0.4935,-0.0123,-0.0174,90.2606,-45.1202,-44.6469,0,0,0,1
226,226000,0.5444,-0.3768,-0.1848,-0.0172,85.3409,-18.9140,-67.0747,0,0,0,1
227,227000,0.5683,-0.2425,-0.3435,-0.0177,72.2225,9.6469,-81.9007,0,0,0,1
228,228000,0.5192,-0.0484,-0.4457,0.0251,52.3506,36.2049,-88.9988,0,0,0,1
229,229000,0.4289,0.1169,-0.5493,-0.0035,27.4746,60.0786,-87.9527,0,0,0,1
230,230000,0.2866,0.2914,-0.5762,0.0018,0.0372,77.4639,-77.7729,0,0,0,1
231,231000,0.1278,0.4208,-0.5361,0.0125,-28.1422,88.2897,-60.3249,0,0,0,1
232,232000,-0.0520,0.5129,-0.4644,-0.0035,-52.4865,89.0759,-36.9264,0,0,0,1
233,233000,-0.2320,0.5705,-0.3276,0.0109,-72.3286,81.6255,-9.0013,0,0,0,1
234,234000,-0.3816,0.5637,-0.1853,-0.0033,-85.3232,66.9686,18.7767,0,0,0,1
235,235000,-0.4817,0.4940,-0.0097,0.0027,-89.4655,45.1367,44.9962,0,0,0,1
236,236000,-0.5593,0.3766,0.1625,-0.0202,-85.1735,18.2522,66.3724,0,0,0,1
237,237000,-0.5515,0.2341,0.3295,0.0121,-72.9799,-9.5054,82.0179,0,0,0,1
238,238000,-0.5081,0.0536,0.4528,-0.0018,-52.4171,-36.4992,89.1503,0,0,0,1
239,239000,-0.4077,-0.1208,0.5433,0.0148,-27.7440,-59.7644,88.0273,0,0,0,1
240,240000,-0.2709,-0.2783,0.5648,0.0157,0.0945,-77.7153,77.4144,0,0,0,1
241,241000,-0.1179,-0.4199,0.5310,-0.0068,27.6127,-87.7340,59.8895,0,0,0,1
242,242000,0.0527,-0.5164,0.4691,0.0054,52.6022,-89.4905,36.8966,0,0,0,1
243,243000,0.2320,-0.5681,0.3330,-0.0031,72.5255,-81.7572,9.3087,0,0,0,1
244,244000,0.3718,-0.5488,0.1859,0.0089,85.3504,-66.5043,-18.9975,0,0,0,1
245,245000,0.4975,-0.4846,0.0012,0.0141,89.6305,-45.0317,-45.0680,0,0,0,1
246,246000,0.5618,-0.3878,-0.1642,0.0098,85.4922,-18.4718,-66.6208,0,0,0,1
247,247000,0.5543,-0.2207,-0.3283,0.0052,72.9220,9.1035,-82.0525,0,0,0,1
248,248000,0.5096,-0.0656,-0.4566,-0.0126,52.7776,36.5921,-89.6402,0,0,0,1
249,249000,0.4234,0.1308,-0.5243,0.0299,27.5320,60.3789,-88.2981,0,0,0,1
250,250000,0.2740,0.2949,-0.5518,0.0172,0.3899,77.7411,-77.7067,0,0,0,1
251,251000,0.1113,0.4119,-0.5400,-0.0169,-27.6937,87.4487,-59.6651,0,0,0,1
252,252000,-0.0564,0.5136,-0.4667,-0.0095,-52.8129,88.9808,-36.6554,0,0,0,1
253,253000,-0.2216,0.5724,-0.3311,0.0197,-73.0617,81.8498,-9.5962,0,0,0,1
254,254000,-0.3705,0.5586,-0.1637,0.0244,-85.0364,66.4802,18.7333,0,0,0,1
255,255000,-0.5038,0.4934,-0.0020,-0.0123,-89.9605,44.7072,44.6653,0,0,0,1
256,256000,-0.5500,0.3719,0.1844,0.0064,-85.3554,18.7208,66.4325,0,0,0,1
257,257000,-0.5611,0.2222,0.3417,0.0028,-72.8262,-9.1136,81.7831,0,0,0,1
258,258000,-0.5135,0.0476,0.4712,0.0053,-52.3835,-36.3149,89.1158,0,0,0,1
259,259000,-0.4208,-0.1078,0.5369,0.0082,-28.1174,-60.3483,87.5517,0,0,0,1
260,260000,-0.2921,-0.2939,0.5603,-0.0258,-0.2512,-78.0164,77.8533,0,0,0,1
261,261000,-0.1148,-0.4285,0.5262,-0.0171,27.6525,-88.2109,60.2885,0,0,0,1
262,262000,0.0575,-0.5200,0.4543,-0.0083,53.0065,-89.2193,36.5680,0,0,0,1
263,263000,0.2236,-0.5628,0.3332,-0.0060,73.0045,-81.7896,9.2284,0,0,0,1
264,264000,0.3785,-0.5438,0.1712,0.0059,85.5226,-66.6496,-18.4908,0,0,0,1
265,265000,0.4928,-0.4934,-0.0083,-0.0089,89.9933,-44.6486,-45.0742,0,0,0,1
266,266000,0.5506,-0.3844,-0.1720,-0.0058,85.1931,-18.9152,-66.7725,0,0,0,1
267,267000,0.5491,-0.2373,-0.3339,-0.0220,73.0525,9.5656,-81.7802,0,0,0,1
268,268000,0.5136,-0.0625,-0.4513,-0.0002,52.6527,36.5228,-88.9551,0,0,0,1
269,269000,0.4088,0.1099,-0.5239,-0.0052,27.5341,59.9779,-87.8712,0,0,0,1
270,270000,0.2735,0.2869,-0.5569,0.0035,0.3176,77.8708,-77.4711,0,0,0,1
271,271000,0.1312,0.4278,-0.5262,0.0327,-27.8759,87.4837,-60.4638,0,0,0,1
272,272000,-0.0536,0.5049,-0.4590,-0.0077,-53.1958,89.7106,-36.7167,0,0,0,1
273,273000,-0.2199,0.5744,-0.3378,0.0166,-72.8605,81.8064,-9.3698,0,0,0,1
274,274000,-0.3861,0.5407,-0.1668,-0.0122,-85.7850,66.8841,19.0811,0,0,0,1
275,275000,-0.4774,0.4913,0.0112,0.0250,-90.1057,45.3043,44.6704,0,0,0,1
276,276000,-0.5446,0.3845,0.1635,0.0034,-85.6924,18.2850,67.0302,0,0,0,1
277,277000,-0.5717,0.2290,0.3388,-0.0038,-72.9991,-9.1539,81.7378,0,0,0,1
278,278000,-0.5046,0.0452,0.4652,0.0059,-53.0202,-36.2117,89.3345,0,0,0,1
279,279000,-0.4339,-0.1301,0.5252,-0.0389,-27.7502,-60.4256,87.5429,0,0,0,1
280,280000,-0.2932,-0.2734,0.5594,-0.0072,0.3248,-77.7154,77.5534,0,0,0,1
281,281000,-0.1268,-0.4275,0.5452,-0.0091,27.4039,-87.7261,59.7089,0,0,0,1
282,282000,0.0557,-0.5179,0.4627,0.0004,52.3432,-89.0542,36.4366,0,0,0,1
283,283000,0.2313,-0.5619,0.3450,0.0144,72.5752,-81.6347,9.2570,0,0,0,1
284,284000,0.3815,-0.5463,0.1755,0.0107,85.6149,-66.5193,-18.7564,0,0,0,1
285,285000,0.4900,-0.4813,0.0028,0.0115,89.8144,-45.1706,-45.0263,0,0,0,1
286,286000,0.5476,-0.3810,-0.1784,-0.0118,85.5125,-18.7849,-66.9118,0,0,0,1
287,287000,0.5541,-0.2319,-0.3425,-0.0203,72.2269,9.5125,-81.7217,0,0,0,1
288,288000,0.5250,-0.0549,-0.4649,0.0052,53.0156,36.3530,-89.7570,0,0,0,1
289,289000,0.4127,0.1172,-0.5390,-0.0091,27.6995,60.0675,-87.5085,0,0,0,1
290,290000,0.2818,0.2702,-0.5545,-0.0025,-0.0756,78.1839,-77.4021,0,0,0,1
291,291000,0.1118,0.4194,-0.5337,-0.0024,-28.1556,87.7501,-60.1575,0,0,0,1
292,292000,-0.0564,0.5171,-0.4454,0.0154,-52.9221,89.3020,-36.1998,0,0,0,1
293,293000,-0.2307,0.5539,-0.3420,-0.0187,-72.7940,82.4287,-8.9462,0,0,0,1
294,294000,-0.3885,0.5468,-0.1828,-0.0245,-85.2292,66.3184,18.6925,0,0,0,1
295,295000,-0.5034,0.4983,0.0034,-0.0016,-89.9014,44.8716,44.7141,0,0,0,1
296,296000,-0.5660,0.3679,0.1745,-0.0237,-85.4035,18.6182,66.9821,0,0,0,1
297,297000,-0.5757,0.2366,0.3203,-0.0189,-72.4107,-9.3286,82.4702,0,0,0,1
298,298000,-0.5045,0.0637,0.4639,0.0231,-52.9014,-36.5849,89.1134,0,0,0,1
299,299000,-0.4305,-0.1291,0.5350,-0.0246,-27.3815,-60.2020,87.4405,0,0,0,1
300,300000,-2.8340,-2.8371,0.5634,-5.1077,0.4074,-15.4941,70.2963,0,0,0,1
301,301000,-1.1860,-4.2108,0.5239,-4.8729,5.5931,-17.1967,53.6984,1,0,0,1
302,302000,0.6015,-5.1683,0.4568,-4.1101,10.3477,-18.2542,33.3100,1,0,0,1
303,303000,2.3129,-5.6377,0.3438,-2.9811,14.5265,-16.4462,8.5543,1,0,0,1
304,304000,3.7987,-5.5204,0.1765,-1.5452,17.3986,-13.5663,-16.4566,1,0,0,1
305,305000,4.9079,-4.8943,0.0047,0.0183,17.8108,-8.9575,-40.1154,1,0,0,1
306,306000,5.5358,-3.7765,-0.1820,1.5773,17.2478,-3.4848,-59.7879,1,0,0,1
307,307000,5.6240,-2.2884,-0.3191,3.0165,14.3277,1.6985,-73.4035,1,0,0,1
308,308000,5.1551,-0.5828,-0.4485,4.1238,10.6407,7.0885,-80.3409,1,0,0,1
309,309000,4.2136,1.1890,-0.5478,4.8548,5.2984,11.9875,-79.4273,1,0,0,1
310,310000,2.8296,2.8353,-0.5705,5.0944,-0.1231,15.4839,-70.3798,1,0,0,1
311,311000,1.1666,4.2160,-0.5433,4.8393,-5.5678,17.1809,-53.7383,1,0,0,1
312,312000,-0.5931,5.1580,-0.4709,4.0940,-10.2754,17.8404,-32.4848,1,0,0,1
313,313000,-2.3116,5.6366,-0.3195,3.0054,-14.7697,16.4026,-8.3699,1,0,0,1
314,314000,-3.7879,5.5272,-0.1843,1.5551,-16.7699,13.4484,16.5001,1,0,0,1
315,315000,-4.9039,4.8872,0.0084,-0.0083,-18.0735,8.6061,39.9751,1,0,0,1
316,316000,-5.5321,3.7736,0.1835,-1.5749,-17.0904,4.1569,60.2036,1,0,0,1
317,317000,-5.6120,2.2917,0.3462,-2.9740,-14.9795,-2.2068,73.7251,1,0,0,1
318,318000,-5.1625,0.5873,0.4447,-4.1306,-10.2649,-7.2415,80.7432,1,0,0,1
319,319000,-4.2087,-1.1738,0.5412,-4.8412,-5.9649,-11.5811,79.3555,1,0,0,1
320,320000,-2.8371,-2.8315,0.5546,-5.1141,-0.2964,-15.1131,70.0874,1,0,0,1
321,321000,-1.1729,-4.1945,0.5257,-4.8416,5.5743,-17.7640,54.1833,1,0,0,1
322,322000,0.5845,-5.1621,0.4607,-4.1170,10.6872,-18.2273,33.0476,1,0,0,1
323,323000,2.2876,-5.6212,0.3413,-2.9923,14.8486,-16.2349,8.3225,1,0,0,1
324,324000,3.7854,-5.5274,0.1835,-1.5585,16.8984,-13.4379,-17.0441,1,0,0,1
325,325000,4.9127,-4.9039,-0.0099,-0.0011,17.7917,-9.2144,-40.7262,1,0,0,1
326,326000,5.5213,-3.7960,-0.1763,1.5491,17.1625,-4.0871,-60.3857,1,1,1,1
327,327000,5.6138,-2.2955,-0.3263,2.9919,14.7751,1.9488,-73.9028,1,1,1,1
328,328000,5.1571,-0.5788,-0.4552,4.1232,10.6880,7.3530,-79.9975,1,1,1,1
329,329000,4.1957,1.1629,-0.5467,4.8119,5.5268,11.7111,-79.4565,1,1,1,1
330,330000,2.8152,2.8214,-0.5658,5.0708,0.3171,15.2748,-69.8614,1,1,1,1
331,331000,1.1732,4.1989,-0.5429,4.8292,-5.3630,17.2407,-53.6688,1,1,1,1
332,332000,-0.5935,5.1795,-0.4520,4.1341,-10.7247,17.9243,-33.3202,1,1,1,1
333,333000,-2.2928,5.6235,-0.3187,3.0120,-14.1243,16.3982,-8.7654,1,1,1,1
334,334000,-3.7743,5.5362,-0.1633,1.5986,-17.3173,13.7596,17.0045,1,1,1,1
335,335000,-4.9013,4.9027,0.0085,0.0099,-17.7197,9.1713,40.3025,1,1,1,1
336,336000,-5.5473,3.7943,0.1666,-1.5863,-17.0992,3.7357,59.9203,1,1,1,1
337,337000,-5.6214,2.3010,0.3435,-2.9769,-14.3199,-1.8499,74.2881,1,1,1,1
338,338000,-5.1646,0.5895,0.4661,-4.1090,-10.4575,-6.9022,80.3499,1,1,1,1
339,339000,-4.1977,-1.1750,0.5251,-4.8476,-5.5085,-11.7898,78.9164,1,1,1,1
340,340000,-2.8310,-2.8202,0.5764,-5.0748,0.1141,-15.5792,70.3889,1,1,1,1
341,341000,-1.1644,-4.2115,0.5406,-4.8353,5.6485,-17.7364,54.0424,1,1,1,1
342,342000,0.5857,-5.1808,0.4691,-4.1261,10.6949,-18.1075,32.6570,1,1,1,1
343,343000,2.2942,-5.6389,0.3311,-3.0136,14.5599,-16.0040,8.3568,1,1,1,1
344,344000,3.7832,-5.5247,0.1837,-1.5578,17.4957,-13.5524,-16.7644,1,1,1,1
345,345000,4.8966,-4.8862,0.0040,0.0144,17.9645,-8.7168,-40.5906,1,1,1,1
346,346000,5.5361,-3.7713,-0.1702,1.5945,16.6807,-3.9921,-60.2616,1,1,1,1
347,347000,5.6150,-2.2870,-0.3373,2.9906,14.2942,1.9322,-73.8043,1,1,1,1
348,348000,5.1593,-0.6032,-0.4450,4.1111,10.7246,7.4381,-80.8208,1,1,1,1
349,349000,4.1934,1.1693,-0.5331,4.8295,5.7749,12.1610,-79.1426,1,1,1,1
350,350000,2.8399,2.8189,-0.5535,5.1054,-0.2658,15.1949,-70.1747,1,1,1,1
351,351000,1.1773,4.1917,-0.5274,4.8415,-5.5071,18.0040,-53.7709,1,1,1,1
352,352000,-0.6054,5.1757,-0.4451,4.1252,-10.7923,18.1290,-32.4600,1,1,1,1
353,353000,-2.3118,5.6152,-0.3246,2.9788,-14.5761,16.6489,-8.4805,1,1,1,1
354,354000,-3.7959,5.5270,-0.1666,1.5645,-16.9329,12.9748,16.6743,1,1,1,1
355,355000,-4.9022,4.9116,0.0116,0.0210,-18.2420,9.1838,40.5247,1,1,1,1
356,356000,-5.5200,3.7991,0.1703,-1.5505,-16.8444,3.4314,60.0906,1,1,1,1
357,357000,-5.6205,2.3147,0.3283,-2.9775,-14.8070,-1.6465,73.7012,1,1,1,1
358,358000,-5.1709,0.5801,0.4665,-4.1244,-10.3277,-7.2950,80.1320,1,1,1,1
359,359000,-4.2126,-1.1684,0.5257,-4.8553,-5.4274,-11.7970,79.5096,1,1,1,1
360,360000,-2.8362,-2.8167,0.5733,-5.0796,0.1410,-15.5614,69.9023,1,1,1,1
361,361000,-1.1721,-4.2168,0.5240,-4.8650,5.2806,-17.6127,53.9581,1,1,1,1
362,362000,0.6051,-5.1636,0.4672,-4.0913,10.9481,-17.9404,33.2996,1,1,1,1
363,363000,2.3111,-5.6162,0.3342,-2.9708,14.1598,-16.3249,8.1049,1,1,1,1
364,364000,3.7749,-5.5192,0.1703,-1.5740,17.0787,-13.1462,-16.6939,1,1,1,1
365,365000,4.8858,-4.9042,0.0091,-0.0093,18.2640,-9.1503,-40.6021,1,1,1,1
366,366000,5.5434,-3.7908,-0.1851,1.5675,16.6840,-3.3179,-60.2878,1,1,1,1
367,367000,5.6225,-2.3054,-0.3445,2.9725,14.2207,1.7986,-73.8170,1,1,1,1
368,368000,5.1558,-0.5970,-0.4440,4.1148,10.3862,6.8775,-80.5451,1,1,1,1
369,369000,4.2099,1.1883,-0.5281,4.8701,5.8827,12.1120,-79.1902,1,1,1,1
370,370000,2.8170,2.8237,-0.5747,5.0660,-0.2118,15.9052,-70.2620,1,1,1,1
371,371000,1.1846,4.1975,-0.5366,4.8456,-5.7920,17.8771,-54.0508,1,1,1,1
372,372000,-0.5811,5.1692,-0.4523,4.1358,-10.2785,17.9340,-33.0599,1,1,1,1
373,373000,-2.2994,5.6370,-0.3455,2.9922,-14.7141,16.6366,-8.0732,1,1,1,1
374,374000,-3.7874,5.5267,-0.1870,1.5523,-16.9419,12.9467,17.2094,1,1,1,1
375,375000,-4.8965,4.8983,-0.0039,-0.0021,-18.3161,8.9538,40.4543,1,1,1,1
376,376000,-5.5399,3.7869,0.1630,-1.5900,-17.0022,3.9989,59.7729,1,1,1,1
377,377000,-5.6217,2.3112,0.3188,-2.9916,-14.4703,-1.7601,73.5919,1,1,1,1
378,378000,-5.1619,0.6042,0.4579,-4.0997,-10.8553,-6.9794,80.8301,1,1,1,1
379,379000,-4.2179,-1.1825,0.5458,-4.8546,-5.5302,-11.7549,78.7861,1,1,1,1
380,380000,-2.8271,-2.8366,0.5570,-5.1067,-0.3957,-15.4065,70.0285,1,1,1,1
381,381000,-0.0044,0.0026,-0.0060,-0.0078,27.6685,-87.4830,59.8723,0,1,1,0
382,382000,0.0101,-0.0023,-0.0001,0.0078,52.4546,-89.1894,36.9600,0,1,1,0
383,383000,-0.0027,-0.0070,-0.0089,-0.0186,72.3842,-82.3837,9.5147,0,1,1,0
384,384000,-0.0107,-0.0104,0.0141,-0.0071,85.5724,-67.1582,-18.4536,0,1,1,0
385,385000,0.0065,-0.0104,0.0130,0.0092,89.9799,-45.1605,-44.8403,0,1,1,0
386,386000,0.0043,0.0093,-0.0111,0.0025,85.6139,-19.1102,-67.0090,0,1,1,0
387,387000,-0.0101,0.0081,-0.0049,-0.0069,72.8630,9.7194,-82.1296,0,1,1,0
388,388000,0.0045,-0.0016,0.0038,0.0067,52.9537,36.2628,-89.5860,0,1,1,0
389,389000,-0.0042,0.0101,-0.0003,0.0057,28.0865,60.2435,-87.4486,0,1,1,0
390,390000,-0.0018,-0.0019,0.0080,0.0043,-0.2226,77.4751,-77.4820,0,1,1,0
391,391000,0.0070,-0.0084,-0.0060,-0.0074,-27.7324,87.5021,-60.2922,0,1,1,0
392,392000,-0.0091,-0.0008,-0.0123,-0.0222,-52.5501,89.5585,-36.5718,0,1,1,0
393,393000,-0.0056,-0.0085,0.0096,-0.0044,-72.9092,82.3765,-8.9719,0,1,1,0
394,394000,-0.0065,-0.0017,0.0079,-0.0003,-85.4364,66.4161,18.8039,0,1,1,0
395,395000,-0.0033,0.0015,-0.0100,-0.0119,-89.3777,45.0347,44.6987,0,1,1,0
396,396000,-0.0037,-0.0113,0.0005,-0.0145,-85.6390,18.9986,66.5748,0,1,1,0
397,397000,-0.0027,0.0129,0.0113,0.0215,-73.0541,-9.7410,81.8271,0,1,1,0
398,398000,-0.0072,0.0122,0.0021,0.0071,-52.3806,-36.2113,89.7038,0,1,1,0
399,399000,0.0119,0.0135,0.0130,0.0384,-27.6397,-60.5438,87.6969,0,1,1,0
400,400000,0.0054,0.0019,-0.0087,-0.0014,0.0484,-78.2295,77.4301,0,1,1,0
401,401000,-0.0055,-0.0070,0.0024,-0.0101,27.9915,-87.5784,60.2134,0,0,0,0
402,402000,0.0048,0.0018,-0.0034,0.0033,53.2054,-89.4511,36.6428,0,0,0,0
403,403000,0.0110,0.0101,0.0073,0.0285,72.5041,-82.1783,9.4174,0,0,0,0
404,404000,-0.0002,0.0018,-0.0112,-0.0097,85.3567,-66.5749,-18.3179,0,0,0,0
405,405000,-0.0076,-0.0083,0.0140,-0.0019,90.1438,-44.9860,-45.2912,0,0,0,0
406,406000,0.0051,-0.0017,0.0067,0.0102,85.8462,-19.0007,-66.9981,0,0,0,0
407,407000,-0.0114,0.0118,0.0139,0.0143,72.4428,9.3066,-81.9213,0,0,0,0
408,408000,0.0110,-0.0115,0.0032,0.0027,53.1448,36.9113,-89.6877,0,0,0,0
409,409000,-0.0071,0.0070,-0.0073,-0.0074,27.8426,60.4913,-87.8735,0,0,0,0
410,410000,-0.0063,0.0073,0.0121,0.0130,-0.2990,77.9871,-77.7911,0,0,0,0
411,411000,0.0139,0.0110,0.0001,0.0250,-27.4886,87.4928,-60.3408,0,0,0,0
412,412000,0.0021,0.0056,0.0072,0.0149,-53.2407,89.7130,-36.4803,0,0,0,0
413,413000,-0.0095,0.0136,0.0047,0.0088,-72.4470,82.1141,-9.6643,0,0,0,0
414,414000,0.0091,-0.0129,0.0093,0.0055,-85.6575,66.4573,18.4020,0,0,0,0
415,415000,-0.0058,-0.0014,-0.0133,-0.0205,-90.2087,45.0139,45.1101,0,0,0,0
416,416000,0.0063,0.0073,0.0095,0.0231,-85.5386,18.9080,66.6840,0,0,0,0
417,417000,0.0053,-0.0096,-0.0093,-0.0136,-72.3619,-9.4977,81.6322,0,0,0,0
418,418000,-0.0092,-0.0023,-0.0097,-0.0211,-52.4837,-36.9038,88.9393,0,0,0,0
419,419000,-0.0024,0.0056,0.0060,0.0093,-27.8130,-60.3975,88.0439,0,0,0,0
420,420000,0.0109,0.0113,0.0131,0.0353,0.0277,-77.6994,77.8586,0,0,0,0
421,421000,-0.0048,0.0093,0.0045,0.0090,27.7121,-87.7673,59.8423,0,0,0,0
422,422000,-0.0014,0.0095,-0.0052,0.0029,52.4972,-89.3719,36.6264,0,0,0,0
423,423000,0.0121,0.0095,-0.0058,0.0158,72.9295,-82.3225,9.6330,0,0,0,0
424,424000,-0.0010,0.0023,-0.0106,-0.0092,85.0515,-66.4789,-19.0743,0,0,0,0
425,425000,0.0067,0.0101,-0.0030,0.0138,89.8448,-44.8534,-44.7729,0,0,0,0
426,426000,0.0060,-0.0126,0.0106,0.0040,85.7032,-18.9611,-66.4768,0,0,0,0
427,427000,-0.0073,0.0101,-0.0120,-0.0093,72.2581,9.4274,-82.0147,0,0,0,0
428,428000,-0.0118,-0.0115,0.0014,-0.0219,52.8142,36.3164,-89.0279,0,0,0,0
429,429000,-0.0129,0.0096,0.0082,0.0049,27.7457,59.7741,-87.6734,0,0,0,0
430,430000,-0.0116,-0.0016,0.0038,-0.0095,-0.3163,77.7118,-78.1588,0,0,0,0
431,431000,0.0074,0.0051,-0.0046,0.0079,-27.7894,88.2945,-60.5171,0,0,0,0
432,432000,-0.0138,0.0047,0.0088,-0.0004,-53.2162,88.8953,-36.9527,0,0,0,0
433,433000,-0.0050,0.0087,-0.0118,-0.0081,-72.4302,82.1268,-9.6662,0,0,0,0
434,434000,0.0128,0.0080,-0.0036,0.0172,-85.7796,66.7803,18.9317,0,0,0,0
435,435000,0.0070,0.0062,-0.0053,0.0079,-89.7204,45.3460,45.0620,0,0,0,0
436,436000,0.0083,-0.0059,-0.0096,-0.0072,-85.4152,18.4868,66.7864,0,0,0,0
437,437000,-0.0100,0.0011,0.0006,-0.0082,-72.5105,-9.5793,82.2904,0,0,0,0
438,438000,-0.0099,-0.0060,-0.0129,-0.0288,-52.5004,-36.4216,89.2143,0,0,0,0
439,439000,-0.0130,-0.0134,-0.0141,-0.0405,-27.8129,-60.0086,87.6376,0,0,0,0
440,440000,-0.0072,-0.0045,0.0004,-0.0112,-0.1389,-77.9062,77.8087,0,0,0,0
441,441000,-0.0027,-0.0075,-0.0065,-0.0167,27.8108,-88.1670,59.8533,0,0,0,0
442,442000,-0.0050,-0.0038,0.0081,-0.0008,52.9366,-89.0338,36.4189,0,0,0,0
443,443000,-0.0130,0.0035,-0.0083,-0.0177,72.8540,-82.4512,9.3075,0,0,0,0
444,444000,0.0101,0.0033,-0.0137,-0.0003,85.4711,-66.4879,-18.5618,0,0,0,0
445,445000,0.0039,0.0120,-0.0123,0.0035,90.2085,-45.1904,-45.1159,0,0,0,0
446,446000,-0.0128,-0.0031,-0.0106,-0.0265,85.0797,-18.3727,-66.6952,0,0,0,0
447,447000,0.0008,0.0036,0.0101,0.0145,72.2169,9.1714,-82.3394,0,0,0,0
448,448000,0.0127,0.0122,-0.0034,0.0214,52.7903,36.5450,-89.0856,0,0,0,0
449,449000,0.0008,-0.0066,-0.0123,-0.0181,27.3628,59.7877,-87.6753,0,0,0,0
450,450000,0.0034,-0.0093,0.0048,-0.0011,-0.1840,77.8459,-77.5747,0,0,0,0
451,451000,-0.0026,-0.0073,0.0061,-0.0038,-28.0609,87.7799,-60.2160,0,0,0,0
452,452000,0.0064,-0.0081,0.0079,0.0061,-52.7663,89.1516,-36.9062,0,0,0,0
453,453000,0.0106,-0.0059,-0.0031,0.0016,-72.3723,82.4828,-9.5187,0,0,0,0
454,454000,0.0071,0.0104,-0.0027,0.0147,-85.1874,66.3342,18.4302,0,0,0,0
455,455000,0.0050,0.0052,0.0130,0.0231,-89.9584,44.7221,45.2768,0,0,0,0
456,456000,-0.0135,-0.0035,-0.0062,-0.0232,-85.7919,18.5937,66.5572,0,0,0,0
457,457000,0.0021,0.0001,0.0077,0.0100,-72.3789,-9.0127,82.2570,0,0,0,0
458,458000,-0.0037,0.0000,0.0136,0.0099,-52.7413,-36.8197,89.1713,0,0,0,0
459,459000,0.0134,0.0094,0.0053,0.0281,-27.7851,-60.4915,87.4366,0,0,0,0
460,460000,0.0053,0.0100,0.0118,0.0270,-0.3974,-78.0163,77.5203,0,0,0,0
461,461000,0.0075,0.0093,-0.0052,0.0116,27.6241,-88.0696,60.2853,0,0,0,0
462,462000,-0.0030,-0.0101,-0.0115,-0.0246,52.5419,-89.6799,36.6206,0,0,0,0
463,463000,0.0007,0.0081,0.0030,0.0119,72.8603,-82.0099,9.1175,0,0,0,0
464,464000,0.0026,-0.0085,-0.0027,-0.0086,85.5363,-66.9996,-18.8325,0,0,0,0
465,465000,-0.0078,0.0100,0.0129,0.0152,90.1581,-44.7067,-44.5318,0,0,0,0
466,466000,0.0032,0.0073,-0.0031,0.0073,85.4232,-18.8285,-66.7797,0,0,0,0
467,467000,0.0000,0.0015,0.0111,0.0126,72.5782,9.7151,-82.4892,0,0,0,0
468,468000,-0.0089,0.0141,-0.0111,-0.0060,53.0794,36.1082,-89.0724,0,0,0,0
469,469000,-0.0110,0.0027,-0.0072,-0.0155,27.4201,60.4788,-87.9622,0,0,0,0
470,470000,-0.0008,-0.0067,0.0135,0.0061,0.1822,77.5874,-78.1233,0,0,0,0
471,471000,0.0064,-0.0141,-0.0081,-0.0158,-27.8301,87.9607,-60.2164,0,0,0,0
472,472000,0.0083,-0.0125,-0.0121,-0.0164,-53.1205,89.1531,-36.8693,0,0,0,0
473,473000,0.0007,-0.0060,-0.0078,-0.0130,-72.4174,82.0850,-9.4807,0,0,0,0
474,474000,-0.0006,0.0024,-0.0026,-0.0008,-85.1152,66.9757,18.3777,0,0,0,0
475,475000,0.0063,0.0030,-0.0121,-0.0027,-89.4180,44.9126,44.8636,0,0,0,0
476,476000,-0.0047,-0.0115,0.0055,-0.0107,-85.4922,19.0631,67.0662,0,0,0,0
477,477000,-0.0058,-0.0026,0.0093,0.0009,-72.6439,-9.1662,82.1669,0,0,0,0
478,478000,0.0079,-0.0002,-0.0018,0.0058,-52.9377,-36.6248,89.5837,0,0,0,0
479,479000,-0.0128,-0.0108,0.0079,-0.0157,-27.5803,-60.4311,87.4190,0,0,0,0
480,480000,-0.0129,0.0139,-0.0084,-0.0075,-0.2758,-77.7636,77.6835,0,0,0,0
481,481000,0.0109,0.0105,-0.0098,0.0116,27.3845,-88.2765,60.0579,0,0,0,0
482,482000,-0.0051,-0.0113,-0.0080,-0.0244,53.0119,-89.6141,36.8879,0,0,0,0
483,483000,-0.0041,0.0003,0.0020,-0.0018,72.9466,-82.3341,9.3751,0,0,0,0
484,484000,0.0098,0.0017,0.0034,0.0150,85.3509,-66.3838,-18.2389,0,0,0,0
485,485000,0.0094,0.0131,-0.0055,0.0169,89.6264,-45.2524,-44.8583,0,0,0,0
486,486000,0.0083,0.0079,-0.0074,0.0088,85.8545,-18.8149,-66.4194,0,0,0,0
487,487000,0.0117,0.0008,-0.0081,0.0043,72.8741,9.3051,-81.9194,0,0,0,0
488,488000,0.0032,-0.0112,0.0054,-0.0026,52.4541,36.4146,-89.7555,0,0,0,0
489,489000,0.0091,0.0139,-0.0123,0.0108,27.7609,60.1703,-88.0412,0,0,0,0
490,490000,0.0021,0.0061,-0.0069,0.0012,0.3907,77.7396,-77.5057,0,0,0,0
491,491000,-0.0027,0.0021,-0.0022,-0.0029,-27.6664,88.2495,-59.9859,0,0,0,0
492,492000,0.0087,0.0044,0.0040,0.0172,-52.4598,89.6193,-36.2978,0,0,0,0
493,493000,0.0070,0.0074,-0.0116,0.0027,-72.5036,82.3679,-9.3682,0,0,0,0
494,494000,-0.0100,0.0022,0.0019,-0.0058,-85.1641,66.8681,18.3564,0,0,0,0
495,495000,0.0018,0.0077,0.0020,0.0115,-89.9993,45.2552,45.1698,0,0,0,0
496,496000,0.0101,0.0110,0.0096,0.0307,-85.0117,18.3218,67.0211,0,0,0,0
497,497000,-0.0078,0.0078,0.0018,0.0018,-72.4096,-9.4512,82.4635,0,0,0,0
498,498000,-0.0126,-0.0135,-0.0098,-0.0358,-52.6819,-36.4789,89.4486,0,0,0,0
499,499000,-0.0012,0.0111,-0.0092,0.0006,-27.8282,-59.9702,87.5968,0,0,0,0
500,500000,0.0017,-0.0077,-0.0049,-0.0109,0.4443,-77.6859,77.9277,0,0,0,0
501,501000,0.0115,0.0113,0.0044,0.0273,27.8891,-87.8338,60.1526,0,0,0,0
502,502000,-0.0136,-0.0061,-0.0044,-0.0241,53.0780,-89.7689,36.4478,0,0,0,0
503,503000,0.0046,0.0114,-0.0019,0.0141,73.0941,-81.9902,8.9660,0,0,0,0
504,504000,0.0086,-0.0027,0.0013,0.0072,85.6739,-66.5090,-18.9909,0,0,0,0
505,505000,0.0046,0.0014,-0.0044,0.0016,89.4495,-44.8418,-44.7902,0,0,0,0
506,506000,0.0120,0.0017,-0.0114,0.0024,85.1643,-18.3962,-66.4483,0,0,0,0
507,507000,0.0108,0.0087,-0.0046,0.0149,72.9009,9.2209,-81.6691,0,0,0,0
508,508000,-0.0107,0.0078,-0.0099,-0.0128,53.1001,36.4399,-89.2439,0,0,0,0
509,509000,0.0077,-0.0065,0.0100,0.0113,28.0684,60.4561,-87.5533,0,0,0,0
510,510000,-0.0095,-0.0141,0.0004,-0.0232,0.2266,77.9324,-77.6916,0,0,0,0
511,511000,0.0115,0.0141,0.0136,0.0392,-27.8537,87.5078,-60.1990,0,0,0,0
512,512000,-0.0084,-0.0087,0.0092,-0.0079,-53.1678,89.4231,-36.2405,0,0,0,0
513,513000,-0.0134,-0.0035,0.0042,-0.0128,-72.2616,81.6510,-9.7653,0,0,0,0
514,514000,0.0037,0.0067,-0.0026,0.0078,-85.8021,66.3450,18.3836,0,0,0,0
515,515000,0.0037,0.0023,-0.0025,0.0035,-90.0878,44.8564,44.5873,0,0,0,0
516,516000,0.0065,-0.0062,-0.0001,0.0001,-85.6698,18.2395,66.6938,0,0,0,0
517,517000,-0.0062,0.0061,-0.0102,-0.0103,-72.9649,-9.4340,81.9628,0,0,0,0
518,518000,0.0103,0.0027,0.0016,0.0146,-52.6378,-36.6705,88.9562,0,0,0,0
519,519000,0.0105,0.0092,0.0120,0.0317,-27.5522,-59.7180,88.2848,0,0,0,0
520,520000,0.0019,-0.0123,-0.0135,-0.0239,0.3884,-77.5323,78.1739,0,0,0,0
521,521000,0.0049,0.0133,-0.0013,0.0169,27.5412,-88.1228,59.7287,0,0,0,0
522,522000,-0.0104,-0.0040,-0.0084,-0.0228,53.1792,-88.9359,36.9044,0,0,0,0
523,523000,-0.0028,0.0121,-0.0083,0.0009,72.6321,-82.0818,9.8338,0,0,0,0
524,524000,0.0115,-0.0119,-0.0034,-0.0038,85.5787,-67.0476,-18.9260,0,0,0,0
525,525000,-0.0022,0.0136,-0.0009,0.0104,90.1067,-45.0710,-44.8659,0,0,0,0
526,526000,0.0135,-0.0088,0.0111,0.0158,85.3074,-18.7207,-66.7047,0,0,0,0
527,527000,-0.0055,0.0064,0.0022,0.0032,72.7447,9.0906,-82.4559,0,0,0,0
528,528000,0.0103,-0.0129,-0.0019,-0.0046,52.6067,36.8160,-89.5159,0,0,0,0
529,529000,-0.0126,0.0051,-0.0029,-0.0104,27.7109,60.3959,-87.8213,0,0,0,0
530,530000,0.0121,0.0068,0.0004,0.0193,0.3638,77.7814,-77.4089,0,0,0,0
531,531000,-0.0120,0.0039,0.0112,0.0031,-27.4543,88.1916,-60.0178,0,0,0,0
532,532000,0.0093,-0.0087,0.0134,0.0140,-53.1489,89.3401,-36.8258,0,0,0,0
533,533000,0.0013,-0.0002,0.0030,0.0041,-72.4509,82.2574,-9.6272,0,0,0,0
534,534000,-0.0021,0.0106,0.0107,0.0192,-85.1257,66.7806,18.9861,0,0,0,0
535,535000,-0.0091,-0.0051,-0.0077,-0.0219,-89.6516,44.4844,45.1321,0,0,0,0
536,536000,0.0130,0.0081,0.0062,0.0273,-85.8473,18.7531,66.6812,0,0,0,0
537,537000,0.0051,-0.0013,-0.0028,0.0010,-72.2175,-9.2085,82.4433,0,0,0,0
538,538000,-0.0075,0.0079,0.0083,0.0087,-52.8770,-36.8484,89.2014,0,0,0,0
539,539000,-0.0141,-0.0118,-0.0090,-0.0349,-27.7178,-59.7917,87.9680,0,0,0,0
540,540000,-0.0049,0.0139,0.0045,0.0136,-0.3061,-77.6212,77.3460,0,0,0,0
541,541000,-0.0047,0.0124,-0.0027,0.0050,28.1933,-87.6842,59.7837,0,0,0,0
542,542000,-0.0121,0.0124,0.0020,0.0023,52.9276,-89.7063,36.3759,0,0,0,0
543,543000,-0.0029,0.0027,0.0026,0.0023,72.6227,-82.4634,9.6330,0,0,0,0
544,544000,-0.0065,0.0031,0.0013,-0.0021,85.3559,-66.9350,-19.1081,0,0,0,0
545,545000,-0.0097,-0.0131,-0.0132,-0.0359,90.1669,-45.0592,-44.8129,0,0,0,0
546,546000,0.0065,0.0012,0.0028,0.0105,85.5646,-18.2469,-66.5734,0,0,0,0
547,547000,0.0002,-0.0105,-0.0046,-0.0148,72.4746,9.7317,-81.8383,0,0,0,0
548,548000,0.0003,0.0042,-0.0014,0.0031,52.9080,36.3365,-89.2816,0,0,0,0
549,549000,-0.0012,0.0117,-0.0017,0.0088,28.0329,60.2731,-87.9804,0,0,0,0
550,550000,-0.0091,-0.0028,-0.0086,-0.0205,0.3549,77.6834,-77.5400,0,0,0,0
551,551000,0.0044,0.0033,0.0079,0.0156,-28.1798,87.6498,-59.6814,0,0,0,0
552,552000,-0.0123,0.0134,0.0009,0.0020,-52.6769,89.3180,-36.6347,0,0,0,0
553,553000,-0.0099,0.0117,0.0062,0.0080,-72.5505,82.0550,-9.6990,0,0,0,0
554,554000,0.0094,0.0022,0.0071,0.0187,-85.5803,66.7398,18.9344,0,0,0,0
555,555000,0.0009,-0.0141,0.0052,-0.0081,-89.6516,45.0362,45.1699,0,0,0,0
556,556000,-0.0037,0.0108,0.0104,0.0175,-85.2432,18.8204,66.9748,0,0,0,0
557,557000,-0.0031,-0.0048,-0.0131,-0.0209,-72.4571,-9.4271,82.2051,0,0,0,0
558,558000,-0.0094,-0.0092,0.0100,-0.0086,-52.4327,-36.3095,89.1145,0,0,0,0
559,559000,-0.0090,-0.0011,-0.0102,-0.0203,-27.7331,-60.1929,88.1452,0,0,0,0
560,560000,0.0032,-0.0072,0.0052,0.0012,-0.2823,-77.3761,77.9967,0,0,0,0
561,561000,0.0098,0.0093,0.0125,0.0316,28.0143,-88.1015,60.1392,0,0,0,0
562,562000,0.0114,-0.0112,-0.0068,-0.0066,52.8569,-89.4080,36.6966,0,0,0,0
563,563000,0.0118,0.0074,0.0122,0.0314,72.3801,-81.8500,9.0989,0,0,0,0
564,564000,0.0126,0.0133,0.0126,0.0385,85.3192,-67.0400,-18.9235,0,0,0,0
565,565000,0.0055,0.0031,-0.0113,-0.0027,89.6739,-44.7399,-44.5836,0,0,0,0
566,566000,0.0124,0.0060,-0.0134,0.0050,85.0651,-18.7910,-66.6143,0,0,0,0
567,567000,0.0005,0.0127,-0.0137,-0.0004,73.0713,9.4409,-82.2110,0,0,0,0
568,568000,-0.0003,0.0092,-0.0087,0.0002,52.9535,36.2832,-89.2075,0,0,0,0
569,569000,-0.0107,0.0003,0.0121,0.0017,27.9118,60.1668,-88.1994,0,0,0,0
570,570000,-0.0005,-0.0128,0.0058,-0.0076,-0.0141,77.8011,-77.7081,0,0,0,0
571,571000,-0.0065,0.0096,-0.0054,-0.0024,-28.1695,87.5917,-60.2547,0,0,0,0
572,572000,-0.0013,-0.0049,0.0065,0.0003,-52.9473,88.9698,-36.6512,0,0,0,0
573,573000,0.0109,-0.0007,0.0007,0.0109,-72.3764,82.3604,-9.6234,0,0,0,0
574,574000,-0.0021,-0.0128,-0.0066,-0.0216,-85.1030,67.1582,18.9848,0,0,0,0
575,575000,0.0056,-0.0111,0.0083,0.0028,-89.6859,45.3118,44.4898,0,0,0,0
576,576000,-0.0041,0.0033,-0.0107,-0.0116,-85.4577,19.0759,66.8277,0,0,0,0
577,577000,-0.0008,0.0066,-0.0006,0.0052,-73.0566,-9.7190,81.8447,0,0,0,0
578,578000,-0.0105,0.0008,-0.0043,-0.0140,-52.4821,-36.2108,89.0197,0,0,0,0
579,579000,-0.0103,0.0087,-0.0020,-0.0036,-27.9061,-59.8198,87.4553,0,0,0,0
580,580000,-0.0050,0.0002,-0.0014,-0.0062,0.2451,-77.5192,77.7298,0,0,0,0
581,581000,-0.0057,-0.0002,-0.0046,-0.0105,27.4557,-87.9976,60.3140,0,0,0,0
582,582000,0.0048,-0.0045,0.0131,0.0134,52.8288,-89.2433,36.7973,0,0,0,0
583,583000,-0.0052,0.0032,-0.0105,-0.0124,72.8526,-82.3391,9.7995,0,0,0,0
584,584000,0.0116,0.0088,-0.0047,0.0157,85.8388,-66.8098,-19.0003,0,0,0,0
585,585000,0.0099,-0.0129,-0.0036,-0.0066,90.1582,-44.6364,-45.1502,0,0,0,0
586,586000,0.0042,0.0130,0.0107,0.0278,85.1782,-19.0048,-66.4012,0,0,0,0
587,587000,0.0093,0.0104,-0.0140,0.0057,72.9304,9.0013,-82.1935,0,0,0,0
588,588000,-0.0132,0.0038,-0.0090,-0.0184,52.5259,36.5808,-89.6815,0,0,0,0
589,589000,-0.0056,0.0007,0.0024,-0.0024,28.0696,59.9927,-87.4073,0,0,0,0
590,590000,-0.0003,0.0099,-0.0079,0.0018,-0.0004,78.2223,-77.8275,0,0,0,0
591,591000,0.0039,0.0127,-0.0099,0.0067,-27.8072,87.9805,-60.5411,0,0,0,0
592,592000,-0.0038,0.0068,-0.0037,-0.0007,-52.7780,89.0242,-36.7921,0,0,0,0
593,593000,0.0130,0.0086,0.0012,0.0228,-72.6384,81.7559,-9.1041,0,0,0,0
594,594000,0.0067,-0.0124,-0.0101,-0.0157,-85.6968,66.4760,18.9799,0,0,0,0
595,595000,-0.0139,-0.0115,-0.0139,-0.0394,-89.9899,44.7970,44.5389,0,0,0,0
596,596000,-0.0072,-0.0096,-0.0010,-0.0179,-85.6322,18.8689,66.3180,0,0,0,0
597,597000,-0.0095,0.0005,-0.0012,-0.0102,-72.6870,-9.7590,82.3074,0,0,0,0
598,598000,0.0113,-0.0051,-0.0039,0.0024,-52.8096,-36.3092,89.4373,0,0,0,0
599,599000,-0.0005,0.0103,-0.0049,0.0049,-27.8630,-59.7006,87.9585,0,0,0,0
600,600000,0.0003,0.0048,0.0113,0.0164,0.2475,-77.8234,77.8301,0,0,0,0
601,601000,0.0065,0.0014,-0.0017,0.0062,27.6577,-88.1379,59.7573,0,0,0,0
602,602000,-0.0009,0.0053,0.0081,0.0125,52.3995,-89.5936,36.7359,0,0,0,0
603,603000,0.0120,0.0132,0.0121,0.0373,72.8011,-81.6396,9.2317,0,0,0,0
604,604000,-0.0093,0.0019,0.0068,-0.0006,85.4876,-66.6422,-18.3308,0,0,0,0
605,605000,0.0129,0.0085,0.0024,0.0238,90.0237,-44.7661,-44.7813,0,0,0,0
606,606000,-0.0075,-0.0075,0.0043,-0.0106,85.4643,-18.9730,-66.5634,0,0,0,0
607,607000,-0.0072,0.0112,0.0016,0.0055,72.7313,9.1216,-82.2221,0,0,0,0
608,608000,-0.0023,0.0041,0.0108,0.0126,52.7819,36.7439,-89.5751,0,0,0,0
609,609000,0.0087,0.0125,-0.0068,0.0145,27.5655,60.1615,-88.0730,0,0,0,0
610,610000,0.0088,0.0031,-0.0090,0.0029,0.2469,77.9839,-77.8295,0,0,0,0
611,611000,0.0092,-0.0017,-0.0092,-0.0018,-27.4304,87.5707,-60.4840,0,0,0,0
612,612000,-0.0126,0.0113,0.0008,-0.0005,-53.0194,89.2943,-36.5330,0,0,0,0
613,613000,-0.0110,0.0112,0.0023,0.0025,-72.6702,81.8943,-9.3358,0,0,0,0
614,614000,0.0117,-0.0099,0.0071,0.0090,-85.6496,67.0258,18.3130,0,0,0,0
615,615000,0.0083,0.0082,0.0014,0.0179,-89.9070,45.2333,44.6139,0,0,0,0
616,616000,0.0108,0.0015,0.0124,0.0248,-85.6296,18.7692,67.0909,0,0,0,0
617,617000,0.0005,0.0019,-0.0082,-0.0057,-72.6562,-9.5235,82.2653,0,0,0,0
618,618000,0.0058,0.0004,0.0039,0.0101,-52.9065,-36.8141,89.2277,0,0,0,0
619,619000,-0.0124,0.0071,0.0076,0.0023,-27.4508,-59.6508,87.5843,0,0,0,0
620,620000,-0.0063,0.0120,0.0089,0.0146,-0.1777,-77.6511,78.1008,0,0,0,0
621,621000,0.0021,-0.0123,-0.0095,-0.0197,27.4035,-87.5509,59.8373,0,0,0,0
622,622000,0.0064,0.0104,-0.0099,0.0069,53.1497,-89.7512,36.6002,0,0,0,0
623,623000,0.0079,0.0025,-0.0135,-0.0031,72.8679,-82.1860,9.2111,0,0,0,0
624,624000,-0.0006,0.0066,0.0032,0.0092,85.5569,-67.0211,-18.9462,0,0,0,0
625,625000,-0.0140,-0.0008,0.0026,-0.0122,89.7388,-45.1674,-45.2729,0,0,0,0
626,626000,0.0132,-0.0128,-0.0098,-0.0094,85.1001,-18.9870,-67.0082,0,0,0,0
627,627000,-0.0108,0.0057,-0.0009,-0.0061,72.8293,9.3526,-81.9059,0,0,0,0
628,628000,-0.0126,0.0070,-0.0110,-0.0166,52.8868,36.1620,-89.4100,0,0,0,0
629,629000,-0.0105,-0.0107,-0.0015,-0.0227,27.4675,60.2968,-87.6517,0,0,0,0
630,630000,0.0046,0.0074,-0.0085,0.0034,0.3822,78.1701,-77.6713,0,0,0,0
631,631000,0.0065,0.0020,-0.0046,0.0039,-28.1701,87.7904,-60.0652,0,0,0,0
632,632000,0.0045,0.0107,0.0078,0.0230,-52.8318,89.6022,-36.8869,0,0,0,0
633,633000,0.0075,-0.0113,0.0082,0.0044,-72.8573,81.8561,-9.2238,0,0,0,0
634,634000,0.0035,-0.0046,0.0047,0.0036,-85.7416,66.3041,19.1064,0,0,0,0
635,635000,-0.0099,-0.0105,0.0026,-0.0178,-90.0062,45.2127,45.0875,0,0,0,0
636,636000,-0.0038,0.0063,-0.0123,-0.0098,-84.9987,18.9786,66.9627,0,0,0,0
637,637000,0.0044,-0.0081,0.0027,-0.0010,-72.3873,-9.2382,81.7158,0,0,0,0
638,638000,0.0055,-0.0137,0.0133,0.0051,-52.7948,-36.8927,88.9801,0,0,0,0
639,639000,-0.0064,-0.0040,-0.0038,-0.0141,-27.8226,-60.2534,87.6786,0,0,0,0
640,640000,0.0120,-0.0134,0.0110,0.0096,-0.2587,-77.3852,78.0319,0,0,0,0
641,641000,-0.0134,0.0122,-0.0039,-0.0052,28.1944,-87.9216,59.7941,0,0,0,0
642,642000,-0.0076,-0.0124,-0.0124,-0.0325,52.7871,-89.2336,36.7274,0,0,0,0
643,643000,0.0131,0.0102,-0.0077,0.0157,72.5998,-82.4787,9.0527,0,0,0,0
644,644000,-0.0062,0.0113,-0.0068,-0.0016,85.5536,-66.8868,-18.3465,0,0,0,0
645,645000,0.0093,0.0040,0.0059,0.0192,89.9803,-45.1571,-45.1000,0,0,0,0
646,646000,-0.0071,0.0033,-0.0027,-0.0065,85.0817,-18.3071,-66.7485,0,0,0,0
647,647000,0.0117,-0.0037,-0.0054,0.0026,72.7872,9.7412,-82.4405,0,0,0,0
648,648000,-0.0016,0.0141,-0.0021,0.0104,52.9507,36.4159,-89.6168,0,0,0,0
649,649000,-0.0072,-0.0111,-0.0070,-0.0254,27.7359,60.4002,-87.9111,0,0,0,0
650,650000,-0.0110,0.0076,0.0004,-0.0030,0.0493,78.0487,-78.1960,0,0,0,0
651,651000,-0.0134,0.0083,-0.0113,-0.0164,-27.3847,87.9003,-60.1888,0,0,0,0
652,652000,0.0075,-0.0096,0.0013,-0.0009,-53.1600,89.3372,-36.5158,0,0,0,0
653,653000,0.0088,-0.0015,-0.0133,-0.0059,-72.5087,81.7337,-9.1908,0,0,0,0
654,654000,0.0134,-0.0010,-0.0129,-0.0006,-85.2353,66.4718,18.6313,0,0,0,0
655,655000,-0.0072,-0.0077,-0.0128,-0.0276,-89.8488,44.5298,45.2398,0,0,0,0
656,656000,-0.0039,-0.0063,0.0085,-0.0018,-85.3912,18.4941,66.4534,0,0,0,0
657,657000,0.0058,0.0018,0.0009,0.0085,-73.0884,-9.6740,82.0750,0,0,0,0
658,658000,-0.0041,-0.0020,-0.0133,-0.0194,-52.8583,-36.7521,88.9818,0,0,0,0
659,659000,-0.0140,0.0048,-0.0085,-0.0176,-28.0246,-59.7635,87.7645,0,0,0,0
660,660000,0.0091,-0.0017,-0.0018,0.0056,0.3767,-78.0025,77.6862,0,0,0,0
661,661000,0.0091,0.0024,0.0094,0.0209,27.3761,-87.8299,60.2769,0,0,0,0
662,662000,-0.0007,0.0136,-0.0021,0.0108,52.3715,-89.4097,36.3608,0,0,0,0
663,663000,-0.0048,0.0072,-0.0127,-0.0103,72.7418,-81.7847,9.4677,0,0,0,0
664,664000,0.0047,-0.0070,0.0044,0.0021,85.0814,-67.1767,-18.5967,0,0,0,0
665,665000,0.0012,-0.0122,0.0073,-0.0037,90.2111,-44.7143,-44.5858,0,0,0,0
666,666000,0.0037,-0.0141,0.0141,0.0037,85.2118,-18.8987,-67.1353,0,0,0,0
667,667000,0.0080,0.0031,0.0087,0.0199,72.2505,9.3898,-82.2315,0,0,0,0
668,668000,0.0093,0.0121,0.0030,0.0245,53.0807,36.4366,-88.8828,0,0,0,0
669,669000,0.0039,-0.0085,0.0052,0.0006,27.8872,60.1788,-87.5702,0,0,0,0
670,670000,-0.0033,-0.0059,-0.0033,-0.0125,0.0508,77.7017,-78.1414,0,0,0,0
671,671000,-0.0080,-0.0128,-0.0066,-0.0274,-27.9459,87.8339,-60.3373,0,0,0,0
672,672000,-0.0092,-0.0090,0.0132,-0.0050,-52.9513,89.5354,-36.3785,0,0,0,0
673,673000,0.0027,0.0117,-0.0015,0.0128,-72.5871,82.4949,-9.8241,0,0,0,0
674,674000,0.0060,-0.0095,0.0138,0.0103,-85.0496,66.6831,18.8175,0,0,0,0
675,675000,-0.0134,0.0004,0.0011,-0.0118,-89.8440,45.1946,44.6123,0,0,0,0
676,676000,-0.0116,-0.0097,-0.0134,-0.0347,-85.8185,18.8220,67.0176,0,0,0,0
677,677000,0.0036,0.0122,0.0126,0.0284,-73.0252,-8.9961,82.3185,0,0,0,0
678,678000,-0.0075,0.0071,0.0027,0.0023,-52.6261,-36.4666,89.6684,0,0,0,0
679,679000,0.0079,-0.0100,0.0135,0.0114,-27.8004,-60.4462,88.2674,0,0,0,0
680,680000,0.0065,0.0036,0.0121,0.0222,0.0337,-77.3645,77.7891,0,0,0,0
681,681000,0.0089,0.0133,0.0111,0.0334,28.0699,-87.4675,59.9218,0,0,0,0
682,682000,-0.0102,-0.0014,-0.0041,-0.0157,53.0233,-88.9812,36.5427,0,0,0,0
683,683000,0.0121,-0.0017,-0.0018,0.0086,72.7254,-82.0436,8.9495,0,0,0,0
684,684000,-0.0093,-0.0068,-0.0007,-0.0168,85.6989,-67.1523,-18.6975,0,0,0,0
685,685000,-0.0115,0.0097,-0.0117,-0.0135,90.1223,-45.0149,-44.8214,0,0,0,0
686,686000,-0.0116,-0.0118,0.0111,-0.0123,85.5517,-18.9808,-66.5887,0,0,0,0
687,687000,0.0026,0.0028,0.0114,0.0168,72.9233,9.3195,-82.3637,0,0,0,0
688,688000,0.0064,0.0125,0.0098,0.0288,52.6948,36.6838,-89.1748,0,0,0,0
689,689000,-0.0127,-0.0041,-0.0068,-0.0237,27.3439,60.2894,-87.5911,0,0,0,0
690,690000,0.0082,-0.0041,0.0113,0.0154,-0.0687,77.3722,-77.6539,0,0,0,0
691,691000,-0.0091,0.0111,0.0016,0.0036,-27.9481,88.0234,-60.2474,0,0,0,0
692,692000,-0.0035,0.0122,0.0102,0.0189,-53.1447,89.3954,-36.3884,0,0,0,0
693,693000,0.0040,0.0040,0.0121,0.0200,-72.9474,82.3953,-9.2067,0,0,0,0
694,694000,-0.0061,-0.0033,-0.0067,-0.0161,-85.3201,66.5195,18.7739,0,0,0,0
695,695000,-0.0134,-0.0053,-0.0138,-0.0325,-89.8568,44.5164,44.9619,0,0,0,0
696,696000,-0.0113,0.0136,0.0074,0.0097,-85.7400,18.5438,67.0376,0,0,0,0
697,697000,-0.0026,-0.0106,0.0021,-0.0112,-72.6233,-9.3859,82.3096,0,0,0,0
698,698000,-0.0079,0.0009,0.0032,-0.0037,-52.7606,-36.5293,89.6642,0,0,0,0
699,699000,-0.0103,-0.0006,0.0072,-0.0037,-27.9711,-59.6571,87.8027,0,0,0,0
700,700000,0.0021,0.0035,-0.0057,-0.0000,-0.0674,-78.1739,77.5253,0,0,0,0
701,701000,0.0093,0.0073,-0.0040,0.0126,27.8319,-87.6501,60.3272,0,0,0,0
702,702000,0.0028,0.0141,0.0061,0.0230,53.0745,-88.9875,36.1788,0,0,0,0
703,703000,-0.0081,0.0112,0.0136,0.0167,72.8589,-82.1919,8.9784,0,0,0,0
704,704000,-0.0069,-0.0115,0.0093,-0.0091,85.4693,-66.8958,-19.1029,0,0,0,0
705,705000,-0.0095,-0.0063,-0.0101,-0.0258,90.1797,-45.0851,-45.2445,0,0,0,0
706,706000,-0.0114,-0.0132,-0.0060,-0.0306,85.2552,-18.9490,-67.1690,0,0,0,0
707,707000,0.0019,-0.0124,-0.0004,-0.0109,72.5736,9.6178,-81.6801,0,0,0,0
708,708000,0.0070,-0.0106,0.0011,-0.0025,53.0364,36.3142,-89.0954,0,0,0,0
709,709000,0.0037,0.0129,0.0104,0.0270,27.7962,60.3038,-87.8863,0,0,0,0
710,710000,0.0014,-0.0119,0.0005,-0.0100,-0.3620,77.5760,-77.3369,0,0,0,0
711,711000,0.0081,0.0035,0.0036,0.0152,-27.4491,88.2284,-59.6961,0,0,0,0
712,712000,0.0013,0.0011,-0.0071,-0.0047,-52.6871,89.5963,-36.1040,0,0,0,0
713,713000,-0.0029,-0.0017,-0.0034,-0.0080,-72.5551,82.4362,-9.5567,0,0,0,0
714,714000,0.0111,-0.0045,-0.0053,0.0013,-85.7868,66.5308,18.8171,0,0,0,0
715,715000,-0.0110,0.0063,-0.0125,-0.0172,-89.7125,45.0685,45.0757,0,0,0,0
716,716000,-0.0006,0.0056,0.0055,0.0105,-85.5433,18.5671,66.6117,0,0,0,0
717,717000,-0.0122,0.0052,0.0094,0.0024,-73.0400,-9.7817,82.0837,0,0,0,0
718,718000,0.0077,-0.0083,-0.0025,-0.0031,-52.5155,-36.6976,89.5106,0,0,0,0
719,719000,-0.0106,-0.0068,-0.0126,-0.0299,-27.7411,-60.2123,87.8389,0,0,0,0
720,720000,-0.0128,0.0043,-0.0103,-0.0188,0.0845,-77.9604,77.8090,0,0,0,0
721,721000,0.0023,-0.0058,-0.0035,-0.0071,27.4659,-87.9630,60.4257,0,0,0,0
722,722000,0.0081,0.0016,-0.0001,0.0096,53.0078,-89.3811,36.1267,0,0,0,0
723,723000,0.0082,-0.0137,-0.0054,-0.0109,72.4479,-81.7888,9.3196,0,0,0,0
724,724000,-0.0038,-0.0045,0.0020,-0.0064,85.6489,-66.3928,-18.4198,0,0,0,0
725,725000,-0.0054,-0.0079,0.0086,-0.0047,89.6520,-44.6547,-45.3304,0,0,0,0
726,726000,-0.0104,-0.0037,0.0106,-0.0035,85.7395,-18.4050,-66.4908,0,0,0,0
727,727000,0.0100,-0.0023,-0.0126,-0.0049,72.3780,9.5684,-82.1427,0,0,0,0
728,728000,-0.0047,-0.0077,0.0055,-0.0069,52.8889,36.1301,-89.1652,0,0,0,0
729,729000,-0.0096,-0.0092,0.0131,-0.0057,27.4729,59.9128,-87.5841,0,0,0,0
730,730000,-0.0020,0.0055,-0.0028,0.0007,0.3425,77.7583,-77.5448,0,0,0,0
731,731000,0.0032,-0.0112,0.0059,-0.0021,-27.8529,87.5617,-60.4570,0,0,0,0
732,732000,-0.0036,0.0001,0.0009,-0.0026,-52.3674,89.7327,-36.5156,0,0,0,0
733,733000,-0.0032,0.0074,-0.0137,-0.0095,-73.0568,82.4803,-9.4110,0,0,0,0
734,734000,0.0005,0.0060,-0.0105,-0.0041,-85.5121,67.1868,19.0100,0,0,0,0
735,735000,-0.0093,0.0125,0.0081,0.0113,-89.7288,44.8571,44.4705,0,0,0,0
736,736000,0.0085,0.0140,-0.0067,0.0158,-85.4672,18.5914,66.4436,0,0,0,0
737,737000,0.0088,0.0065,-0.0126,0.0027,-73.0422,-9.0114,82.0756,0,0,0,0
738,738000,-0.0077,-0.0006,-0.0044,-0.0126,-52.5584,-36.7752,89.4023,0,0,0,0
739,739000,-0.0032,-0.0128,0.0134,-0.0026,-27.5274,-60.0491,87.9737,0,0,0,0
740,740000,-0.0037,0.0004,-0.0107,-0.0140,-0.2113,-77.9526,77.8334,0,0,0,0
741,741000,0.0071,0.0107,0.0071,0.0250,27.7574,-87.9759,60.5019,0,0,0,0
742,742000,-0.0128,-0.0020,-0.0037,-0.0186,52.9496,-89.4973,36.6676,0,0,0,0
743,743000,-0.0046,-0.0086,-0.0110,-0.0241,72.3433,-81.7084,9.7874,0,0,0,0
744,744000,-0.0098,-0.0015,0.0032,-0.0080,85.6100,-66.5030,-18.4611,0,0,0,0
745,745000,0.0135,0.0034,-0.0117,0.0052,89.9782,-44.6239,-44.9626,0,0,0,0
746,746000,0.0077,-0.0073,0.0040,0.0045,85.6560,-18.8590,-66.5277,0,0,0,0
747,747000,-0.0003,0.0104,-0.0034,0.0067,72.2401,9.4377,-82.3464,0,0,0,0
748,748000,-0.0121,0.0061,-0.0124,-0.0184,52.7690,36.6702,-89.0111,0,0,0,0
749,749000,0.0030,-0.0072,-0.0048,-0.0090,27.6528,59.6861,-87.7304,0,0,0,0
750,750000,-0.0132,0.0083,0.0062,0.0013,0.0978,77.5388,-77.7790,0,0,0,0
751,751000,-0.0100,-0.0077,0.0108,-0.0069,-27.6428,88.1643,-60.5362,0,0,0,0
752,752000,0.0101,0.0081,0.0004,0.0187,-52.4655,89.5384,-36.3377,0,0,0,0
753,753000,-0.0029,-0.0060,0.0097,0.0007,-72.6848,82.4135,-9.5271,0,0,0,0
754,754000,-0.0093,0.0118,-0.0067,-0.0042,-85.6396,67.1544,18.6084,0,0,0,0
755,755000,0.0092,0.0010,-0.0123,-0.0021,-90.0748,44.7830,44.9996,0,0,0,0
756,756000,-0.0080,0.0015,0.0053,-0.0012,-85.2350,18.2384,66.9749,0,0,0,0
757,757000,0.0085,-0.0073,-0.0100,-0.0088,-72.5093,-9.3022,82.0107,0,0,0,0
758,758000,0.0001,0.0106,0.0086,0.0192,-52.6470,-36.3195,89.3836,0,0,0,0
759,759000,-0.0021,0.0004,0.0109,0.0092,-27.6767,-60.4076,88.0231,0,0,0,0
760,760000,-0.0124,-0.0052,-0.0104,-0.0281,0.4430,-77.7110,77.7632,0,0,0,0
761,761000,-0.0064,-0.0103,-0.0131,-0.0297,27.7088,-87.9626,59.7291,0,0,0,0
762,762000,0.0065,0.0070,-0.0070,0.0065,52.8799,-89.4292,36.3223,0,0,0,0
763,763000,0.0114,0.0042,-0.0095,0.0061,72.9594,-81.9668,9.1506,0,0,0,0
764,764000,0.0019,0.0135,0.0045,0.0199,85.0624,-66.3094,-18.6735,0,0,0,0
765,765000,-0.0031,0.0125,0.0137,0.0232,90.0993,-44.8475,-44.8920,0,0,0,0
766,766000,0.0004,0.0022,-0.0094,-0.0068,85.0141,-18.2926,-67.0856,0,0,0,0
767,767000,0.0089,-0.0076,-0.0137,-0.0124,72.2259,9.7375,-81.8776,0,0,0,0
768,768000,-0.0032,-0.0109,0.0002,-0.0139,52.7324,36.8992,-89.2046,0,0,0,0
769,769000,0.0048,0.0085,-0.0032,0.0102,27.8064,60.0805,-88.2910,0,0,0,0
770,770000,-0.0118,-0.0036,-0.0060,-0.0214,-0.1837,78.0484,-77.4070,0,0,0,0
771,771000,-0.0075,0.0121,0.0040,0.0086,-27.7066,87.9866,-60.4704,0,0,0,0
772,772000,0.0003,-0.0005,0.0071,0.0069,-53.1982,89.2518,-36.2110,0,0,0,0
773,773000,0.0040,-0.0054,0.0025,0.0011,-72.9355,82.3788,-9.0899,0,0,0,0
774,774000,0.0082,-0.0085,-0.0137,-0.0140,-85.8365,66.9906,18.9747,0,0,0,0
775,775000,-0.0027,-0.0037,0.0125,0.0062,-90.0999,45.1907,45.3137,0,0,0,0
776,776000,0.0025,-0.0120,0.0053,-0.0042,-85.4749,18.2420,66.6877,0,0,0,0
777,777000,0.0134,-0.0022,-0.0138,-0.0026,-72.5103,-9.7546,82.1820,0,0,0,0
778,778000,0.0118,-0.0117,0.0096,0.0097,-52.9722,-36.8989,89.7655,0,0,0,0
779,779000,-0.0078,0.0087,-0.0113,-0.0104,-27.9499,-60.0603,87.9545,0,0,0,0
780,780000,0.0119,0.0077,0.0006,0.0203,0.0822,-77.8092,77.3462,0,0,0,0
781,781000,0.0077,-0.0020,-0.0058,-0.0001,27.9880,-87.8086,59.7751,0,0,0,0
782,782000,0.0010,0.0034,0.0030,0.0074,52.8523,-89.6286,36.7868,0,0,0,0
783,783000,0.0008,0.0016,0.0038,0.0063,72.6974,-82.0317,9.0454,0,0,0,0
784,784000,0.0008,0.0040,-0.0121,-0.0073,85.5824,-66.4924,-19.0951,0,0,0,0
785,785000,0.0086,-0.0039,0.0020,0.0067,89.7506,-44.5984,-44.5509,0,0,0,0
786,786000,-0.0135,-0.0106,-0.0104,-0.0344,85.5038,-18.2754,-66.4029,0,0,0,0
787,787000,0.0075,0.0099,0.0022,0.0195,72.5345,9.5059,-81.7524,0,0,0,0
788,788000,-0.0089,0.0135,-0.0140,-0.0093,52.3558,36.5788,-88.9242,0,0,0,0
789,789000,0.0112,-0.0102,-0.0011,-0.0001,27.6362,59.7141,-87.9996,0,0,0,0
790,790000,-0.0053,-0.0011,0.0058,-0.0005,0.4108,77.7431,-77.6282,0,0,0,0
791,791000,-0.0102,0.0029,-0.0114,-0.0188,-27.9368,88.1071,-59.9424,0,0,0,0
792,792000,0.0095,-0.0062,0.0026,0.0059,-52.7455,89.4201,-36.1357,0,0,0,0
793,793000,-0.0018,-0.0102,-0.0047,-0.0167,-72.9516,82.4476,-9.3095,0,0,0,0
794,794000,-0.0014,0.0108,-0.0067,0.0027,-85.1393,67.1166,18.8814,0,0,0,0
795,795000,-0.0066,0.0091,-0.0058,-0.0033,-90.1452,44.7695,44.8948,0,0,0,0
796,796000,0.0095,0.0079,0.0098,0.0271,-85.5814,18.3380,66.4233,0,0,0,0
797,797000,0.0097,0.0093,-0.0136,0.0055,-72.7809,-9.1993,82.2602,0,0,0,0
798,798000,-0.0123,0.0120,-0.0025,-0.0029,-52.8822,-36.1730,89.7273,0,0,0,0
799,799000,-0.0011,-0.0103,-0.0008,-0.0123,-28.0136,-59.7855,87.5624,0,0,0,0
800,800000,-0.0095,-0.0049,0.0081,-0.0063,0.0539,-77.5831,77.3372,0,0,0,0
801,801000,-0.0116,0.0126,-0.0090,-0.0080,27.7724,-87.5674,60.2673,0,0,0,0
802,802000,0.0061,-0.0103,-0.0031,-0.0073,52.5585,-89.3947,36.9207,0,0,0,0
803,803000,0.0120,-0.0036,-0.0125,-0.0041,72.9264,-82.0664,9.2547,0,0,0,0
804,804000,0.0018,0.0127,0.0021,0.0166,85.5966,-67.1122,-18.2471,0,0,0,0
805,805000,0.0031,0.0109,0.0089,0.0230,90.1234,-45.2583,-45.2790,0,0,0,0
806,806000,-0.0089,0.0108,-0.0077,-0.0058,85.0423,-18.4545,-66.4606,0,0,0,0
807,807000,0.0083,0.0020,-0.0132,-0.0029,72.2603,9.1184,-82.4352,0,0,0,0
808,808000,-0.0020,-0.0137,-0.0069,-0.0226,52.6246,36.9413,-89.1424,0,0,0,0
809,809000,0.0138,0.0001,0.0017,0.0157,27.3830,60.3539,-88.0071,0,0,0,0
810,810000,-0.0059,-0.0102,-0.0009,-0.0169,0.2791,77.8424,-77.6981,0,0,0,0
811,811000,0.0021,-0.0025,-0.0069,-0.0073,-27.4262,87.5210,-59.6877,0,0,0,0
812,812000,0.0075,0.0066,0.0083,0.0224,-52.8695,89.7352,-36.5177,0,0,0,0
813,813000,-0.0101,0.0086,-0.0118,-0.0133,-72.6848,82.3290,-9.0274,0,0,0,0
814,814000,0.0064,-0.0068,-0.0042,-0.0047,-85.8043,66.3370,18.7287,0,0,0,0
815,815000,0.0031,-0.0090,-0.0057,-0.0116,-90.0645,44.8788,45.3302,0,0,0,0
816,816000,0.0080,-0.0018,0.0108,0.0171,-85.2137,18.6951,66.5135,0,0,0,0
817,817000,0.0105,0.0008,-0.0064,0.0049,-72.9747,-9.4729,82.0908,0,0,0,0
818,818000,-0.0130,-0.0087,0.0139,-0.0079,-52.8552,-36.4878,89.7685,0,0,0,0
819,819000,0.0111,0.0001,0.0132,0.0244,-27.3672,-60.0554,87.6884,0,0,0,0
820,820000,-0.0077,0.0084,0.0099,0.0106,0.3782,-77.6644,77.6972,0,0,0,0
821,821000,-0.0102,-0.0047,-0.0016,-0.0165,27.3478,-87.9009,59.8972,0,0,0,0
822,822000,-0.0127,0.0034,-0.0038,-0.0132,52.6661,-89.4551,36.4384,0,0,0,0
823,823000,-0.0083,0.0092,0.0012,0.0020,72.3766,-81.9653,9.2385,0,0,0,0
824,824000,0.0075,-0.0002,0.0065,0.0138,85.0659,-66.5658,-18.5243,0,0,0,0
825,825000,0.0028,-0.0113,-0.0113,-0.0198,90.1644,-45.2815,-44.6568,0,0,0,0
826,826000,0.0125,0.0138,-0.0048,0.0214,85.0548,-19.1054,-66.9295,0,0,0,0
827,827000,0.0125,-0.0126,-0.0094,-0.0095,72.8250,9.5702,-82.4774,0,0,0,0
828,828000,0.0061,-0.0075,0.0122,0.0108,52.6758,36.8161,-89.1442,0,0,0,0
829,829000,-0.0118,-0.0141,-0.0103,-0.0362,27.4643,59.7229,-87.9079,0,0,0,0
830,830000,-0.0053,0.0019,-0.0125,-0.0159,0.2640,78.1158,-78.0890,0,0,0,0
831,831000,-0.0023,0.0119,-0.0110,-0.0015,-27.4736,87.4738,-60.3540,0,0,0,0
832,832000,0.0062,0.0107,0.0044,0.0213,-53.0763,89.7417,-36.3635,0,0,0,0
833,833000,-0.0068,0.0033,-0.0062,-0.0096,-72.5415,81.6294,-8.9788,0,0,0,0
834,834000,-0.0002,0.0058,-0.0010,0.0045,-85.1808,67.0547,18.7191,0,0,0,0
835,835000,0.0122,0.0025,-0.0133,0.0014,-89.6275,44.7871,44.6654,0,0,0,0
836,836000,0.0071,-0.0139,0.0129,0.0062,-85.8088,18.5771,66.8549,0,0,0,0
837,837000,0.0133,-0.0138,0.0022,0.0017,-72.4165,-9.2175,81.6034,0,0,0,0
838,838000,-0.0043,0.0107,0.0002,0.0066,-52.3986,-36.5952,89.5011,0,0,0,0
839,839000,0.0074,0.0012,0.0116,0.0202,-28.1455,-59.9838,88.2610,0,0,0,0
840,840000,0.0139,0.0033,0.0130,0.0301,-0.1466,-77.4298,77.6553,0,0,0,0
841,841000,0.0074,-0.0036,-0.0100,-0.0062,27.5240,-87.7917,59.9732,0,0,0,0
842,842000,-0.0121,0.0131,0.0022,0.0032,52.3959,-89.2603,36.6603,0,0,0,0
843,843000,-0.0029,0.0117,-0.0125,-0.0037,72.5973,-81.7585,9.4302,0,0,0,0
844,844000,0.0061,-0.0129,-0.0073,-0.0141,85.3986,-66.5697,-18.6924,0,0,0,0
845,845000,-0.0066,0.0061,0.0046,0.0041,89.9765,-44.4974,-44.8442,0,0,0,0
846,846000,-0.0060,0.0131,-0.0078,-0.0006,85.4916,-18.7858,-67.1919,0,0,0,0
847,847000,-0.0003,0.0098,-0.0049,0.0047,72.5511,9.0803,-82.3030,0,0,0,0
848,848000,0.0038,-0.0121,-0.0034,-0.0117,53.0867,36.2727,-89.5426,0,0,0,0
849,849000,0.0113,-0.0112,-0.0089,-0.0088,27.4701,60.1312,-88.2461,0,0,0,0
850,850000,-0.0089,0.0057,0.0082,0.0050,0.4015,77.4669,-77.9544,0,0,0,0
851,851000,0.0101,0.0067,-0.0130,0.0038,-28.1407,87.4316,-59.7429,0,0,0,0
852,852000,-0.0022,-0.0041,0.0075,0.0012,-52.6329,88.8786,-36.4941,0,0,0,0
853,853000,0.0117,-0.0073,0.0114,0.0158,-72.6522,81.7367,-9.7579,0,0,0,0
854,854000,-0.0030,-0.0103,-0.0062,-0.0195,-85.6703,67.1292,18.8337,0,0,0,0
855,855000,0.0129,-0.0012,0.0140,0.0257,-89.4342,45.1357,44.9580,0,0,0,0
856,856000,0.0136,0.0101,-0.0117,0.0121,-85.4627,18.9975,66.8292,0,0,0,0
857,857000,0.0026,-0.0094,0.0128,0.0061,-72.7303,-9.7956,81.8165,0,0,0,0
858,858000,0.0048,0.0084,-0.0101,0.0031,-52.4483,-36.1853,89.2059,0,0,0,0
859,859000,0.0006,-0.0011,-0.0134,-0.0139,-28.1335,-60.1306,87.9380,0,0,0,0
860,860000,-0.0141,-0.0116,-0.0096,-0.0352,-0.0495,-77.9216,77.9737,0,0,0,0
861,861000,0.0014,-0.0019,-0.0113,-0.0118,27.4677,-87.4411,60.3629,0,0,0,0
862,862000,0.0064,-0.0042,0.0081,0.0103,52.4961,-88.9540,36.5509,0,0,0,0
863,863000,0.0116,0.0053,-0.0019,0.0150,72.8617,-81.9909,9.6332,0,0,0,0
864,864000,0.0001,-0.0036,-0.0118,-0.0154,85.1596,-66.7002,-18.5940,0,0,0,0
865,865000,-0.0053,0.0054,0.0058,0.0059,90.0388,-44.9339,-45.2718,0,0,0,0
866,866000,0.0016,-0.0127,-0.0045,-0.0157,85.0096,-18.2312,-66.9821,0,0,0,0
867,867000,0.0010,0.0029,0.0013,0.0053,72.9385,9.1331,-82.1616,0,0,0,0
868,868000,0.0125,0.0023,0.0086,0.0234,52.7994,36.8895,-89.5237,0,0,0,0
869,869000,0.0131,-0.0126,0.0004,0.0008,27.5845,59.7348,-88.1500,0,0,0,0
870,870000,0.0072,-0.0126,0.0033,-0.0022,-0.3031,77.8277,-77.7488,0,0,0,0
871,871000,0.0035,-0.0077,-0.0097,-0.0139,-27.4501,87.9979,-60.3205,0,0,0,0
872,872000,-0.0063,-0.0063,-0.0104,-0.0230,-52.8031,89.0634,-36.3070,0,0,0,0
873,873000,0.0007,-0.0022,-0.0040,-0.0055,-73.0121,82.4570,-9.2962,0,0,0,0
874,874000,-0.0086,-0.0106,-0.0138,-0.0329,-85.8587,66.8596,18.2569,0,0,0,0
875,875000,-0.0083,0.0124,-0.0079,-0.0038,-90.2182,45.0832,44.5761,0,0,0,0
876,876000,0.0061,0.0099,0.0106,0.0267,-85.4206,18.3387,66.5151,0,0,0,0
877,877000,0.0062,0.0078,-0.0115,0.0025,-73.0734,-9.7199,81.9020,0,0,0,0
878,878000,-0.0128,-0.0086,0.0092,-0.0122,-53.0131,-36.3673,89.1829,0,0,0,0
879,879000,0.0083,0.0093,-0.0041,0.0135,-27.9960,-60.1364,88.2140,0,0,0,0
880,880000,-0.0114,-0.0104,-0.0135,-0.0353,0.0335,-78.1670,77.4781,0,0,0,0
881,881000,0.0028,0.0108,0.0069,0.0205,27.6785,-87.6851,60.0705,0,0,0,0
882,882000,-0.0034,0.0102,0.0070,0.0138,52.8888,-89.6288,36.5586,0,0,0,0
883,883000,-0.0108,-0.0067,0.0068,-0.0106,72.9177,-81.7424,9.6766,0,0,0,0
884,884000,-0.0123,-0.0096,0.0085,-0.0133,85.3174,-66.6847,-18.9402,0,0,0,0
885,885000,-0.0108,0.0000,0.0016,-0.0091,89.8028,-45.0269,-45.0254,0,0,0,0
886,886000,0.0097,0.0115,0.0072,0.0283,85.7254,-18.7090,-66.3942,0,0,0,0
887,887000,-0.0033,0.0122,0.0003,0.0092,72.8416,9.0147,-82.1452,0,0,0,0
888,888000,-0.0039,-0.0060,-0.0069,-0.0169,52.6150,36.7672,-89.1825,0,0,0,0
889,889000,-0.0017,0.0136,0.0030,0.0149,27.6927,60.2637,-88.1317,0,0,0,0
890,890000,-0.0078,-0.0139,-0.0035,-0.0252,-0.0747,77.9140,-77.8234,0,0,0,0
891,891000,-0.0105,-0.0103,-0.0108,-0.0316,-28.0516,88.1951,-60.2814,0,0,0,0
892,892000,-0.0100,-0.0025,0.0093,-0.0032,-53.0464,88.9970,-36.6714,0,0,0,0
893,893000,0.0044,-0.0066,0.0051,0.0028,-72.4860,81.7366,-9.0737,0,0,0,0
894,894000,0.0039,0.0010,0.0138,0.0186,-85.0102,66.7390,19.0780,0,0,0,0
895,895000,0.0033,0.0122,-0.0074,0.0081,-89.5992,44.5907,44.7377,0,0,0,0
896,896000,0.0091,0.0029,-0.0067,0.0052,-85.7918,18.8376,66.4767,0,0,0,0
897,897000,-0.0046,-0.0104,0.0138,-0.0011,-72.8956,-8.9699,82.4514,0,0,0,0
898,898000,0.0134,-0.0038,0.0009,0.0105,-53.0731,-36.9282,89.0755,0,0,0,0
899,899000,-0.0068,0.0089,-0.0073,-0.0052,-28.0216,-59.8203,87.4736,0,0,0,0
900,900000,0.0095,0.0008,-0.0036,0.0067,0.3129,-77.8665,77.9782,0,0,0,0
901,901000,-0.0037,0.0064,0.0018,0.0046,27.7245,-87.4782,59.8898,0,0,0,0
902,902000,-0.0048,0.0025,0.0084,0.0061,52.7500,-88.9679,36.3228,0,0,0,0
903,903000,0.0077,0.0038,-0.0039,0.0076,73.0222,-81.6483,9.1546,0,0,0,0
904,904000,-0.0037,0.0101,0.0122,0.0186,85.3938,-66.8413,-18.5885,0,0,0,0
905,905000,0.0001,-0.0123,-0.0062,-0.0185,90.2298,-45.1690,-45.2854,0,0,0,0
906,906000,-0.0044,0.0010,0.0021,-0.0014,85.3020,-18.3068,-66.3633,0,0,0,0
907,907000,0.0124,-0.0055,-0.0045,0.0024,73.0361,9.0177,-81.8158,0,0,0,0
908,908000,0.0027,0.0124,-0.0029,0.0122,52.6328,36.5989,-89.0134,0,0,0,0
909,909000,-0.0090,-0.0074,0.0136,-0.0028,28.0717,60.0557,-88.1782,0,0,0,0
910,910000,-0.0037,0.0138,-0.0033,0.0068,0.1953,77.5713,-77.3927,0,0,0,0
911,911000,-0.0061,0.0128,0.0024,0.0091,-27.3072,87.9873,-60.3242,0,0,0,0
912,912000,0.0112,0.0090,-0.0052,0.0150,-52.3957,89.1439,-36.7025,0,0,0,0
913,913000,0.0062,0.0019,0.0076,0.0157,-73.0605,81.7983,-9.6343,0,0,0,0
914,914000,0.0130,-0.0136,0.0053,0.0047,-85.2565,66.7760,18.3340,0,0,0,0
915,915000,0.0124,0.0119,-0.0107,0.0136,-89.5255,44.5859,44.7891,0,0,0,0
916,916000,0.0014,0.0122,-0.0097,0.0039,-85.7849,18.4767,66.6220,0,0,0,0
917,917000,0.0133,0.0112,0.0115,0.0360,-72.8597,-9.4484,82.3169,0,0,0,0
918,918000,-0.0068,0.0043,-0.0128,-0.0153,-52.4826,-36.3704,89.3201,0,0,0,0
919,919000,0.0040,0.0042,-0.0134,-0.0052,-28.0564,-59.8140,87.8780,0,0,0,0
920,920000,0.0084,0.0091,-0.0016,0.0159,0.3371,-78.0309,77.7395,0,0,0,0
921,921000,0.0022,-0.0050,-0.0009,-0.0037,27.6647,-88.1319,59.7488,0,0,0,0
922,922000,0.0116,-0.0128,0.0057,0.0045,52.9226,-89.0862,36.8141,0,0,0,0
923,923000,0.0089,-0.0124,-0.0037,-0.0072,73.0499,-81.6657,9.5221,0,0,0,0
924,924000,0.0045,-0.0134,0.0101,0.0011,85.0107,-67.0578,-18.9626,0,0,0,0
925,925000,-0.0105,-0.0051,0.0126,-0.0030,89.6432,-44.7613,-45.2487,0,0,0,0
926,926000,-0.0134,0.0132,-0.0107,-0.0108,85.2402,-18.5008,-66.3694,0,0,0,0
927,927000,0.0074,0.0036,0.0140,0.0250,72.6877,9.0171,-81.6829,0,0,0,0
928,928000,-0.0085,0.0035,-0.0098,-0.0148,52.5206,36.3971,-89.0751,0,0,0,0
929,929000,-0.0092,0.0029,0.0064,0.0001,27.9526,59.8161,-87.5323,0,0,0,0
930,930000,0.0080,0.0062,-0.0042,0.0101,-0.1401,78.2006,-77.4285,0,0,0,0
931,931000,0.0045,-0.0075,0.0040,0.0010,-28.0118,87.5547,-59.8544,0,0,0,0
932,932000,-0.0016,-0.0088,0.0031,-0.0073,-52.6127,89.3426,-36.9787,0,0,0,0
933,933000,-0.0039,0.0055,0.0094,0.0110,-72.6852,82.4040,-9.1350,0,0,0,0
934,934000,-0.0078,-0.0021,0.0133,0.0035,-85.6643,66.7518,18.6462,0,0,0,0
935,935000,-0.0116,0.0135,-0.0088,-0.0069,-90.2197,44.4992,45.0035,0,0,0,0
936,936000,0.0081,0.0002,0.0100,0.0183,-85.7594,18.3667,66.6385,0,0,0,0
937,937000,-0.0114,-0.0097,0.0041,-0.0170,-72.6693,-9.7476,82.4558,0,0,0,0
938,938000,0.0136,0.0131,0.0037,0.0304,-53.0412,-36.3712,89.0378,0,0,0,0
939,939000,-0.0116,0.0047,-0.0018,-0.0088,-27.4318,-59.7907,88.0383,0,0,0,0
940,940000,-0.0067,0.0079,-0.0050,-0.0038,0.3229,-77.8011,78.0097,0,0,0,0
941,941000,-0.0104,0.0133,0.0054,0.0083,27.4936,-88.1064,59.7858,0,0,0,0
942,942000,0.0128,0.0002,0.0072,0.0202,53.1686,-89.2016,36.3441,0,0,0,0
943,943000,0.0141,0.0139,0.0019,0.0298,72.5233,-81.7281,9.5834,0,0,0,0
944,944000,0.0047,0.0102,0.0130,0.0278,85.5852,-67.0339,-18.7588,0,0,0,0
945,945000,-0.0035,0.0033,-0.0082,-0.0083,90.1030,-44.4645,-44.7671,0,0,0,0
946,946000,0.0113,0.0112,-0.0006,0.0220,85.1873,-18.4127,-66.4770,0,0,0,0
947,947000,-0.0123,0.0009,0.0052,-0.0062,72.7943,9.1830,-82.0571,0,0,0,0
948,948000,-0.0112,-0.0004,0.0101,-0.0015,52.5549,36.3650,-88.9186,0,0,0,0
949,949000,0.0077,-0.0050,0.0045,0.0072,27.8918,59.6608,-88.1037,0,0,0,0
950,950000,-0.0032,-0.0125,0.0046,-0.0111,-0.0887,78.0373,-78.0249,0,0,0,0
951,951000,0.0093,-0.0038,0.0065,0.0120,-27.7780,87.4597,-59.8366,0,0,0,0
952,952000,-0.0129,0.0019,0.0124,0.0014,-52.9548,89.5914,-36.3875,0,0,0,0
953,953000,-0.0037,0.0062,0.0019,0.0044,-72.7261,81.6654,-9.0125,0,0,0,0
954,954000,-0.0045,-0.0137,-0.0116,-0.0297,-85.4832,67.1345,18.8719,0,0,0,0
955,955000,0.0026,-0.0051,-0.0040,-0.0065,-90.0737,44.9496,44.6243,0,0,0,0
956,956000,-0.0006,-0.0103,-0.0018,-0.0128,-85.8674,18.4522,66.4384,0,0,0,0
957,957000,-0.0137,0.0043,0.0065,-0.0029,-72.5513,-9.7510,81.6813,0,0,0,0
958,958000,-0.0054,0.0020,-0.0020,-0.0054,-52.3958,-36.3047,89.7238,0,0,0,0
959,959000,-0.0027,0.0042,0.0019,0.0033,-27.7255,-60.1822,87.8728,0,0,0,0
960,960000,-0.0080,-0.0003,-0.0119,-0.0202,-0.3009,-77.7962,77.8733,0,0,0,0
961,961000,0.0077,0.0043,-0.0133,-0.0014,27.4236,-87.6948,60.5101,0,0,0,0
962,962000,0.0055,0.0010,0.0013,0.0078,53.2083,-89.3449,36.3983,0,0,0,0
963,963000,0.0096,0.0125,0.0113,0.0334,73.0531,-81.8836,9.5663,0,0,0,0
964,964000,-0.0054,-0.0115,-0.0048,-0.0218,85.0733,-66.5028,-18.9534,0,0,0,0
965,965000,0.0128,0.0081,-0.0090,0.0119,89.9692,-44.7843,-45.2444,0,0,0,0
966,966000,-0.0129,-0.0122,0.0078,-0.0173,85.0784,-18.3662,-66.7576,0,0,0,0
967,967000,-0.0034,0.0018,0.0119,0.0103,73.1045,9.3488,-82.0678,0,0,0,0
968,968000,0.0060,-0.0022,-0.0030,0.0008,52.3437,36.5859,-89.4940,0,0,0,0
969,969000,0.0047,-0.0028,0.0026,0.0045,27.6961,60.1627,-87.4717,0,0,0,0
970,970000,0.0109,0.0089,-0.0043,0.0155,-0.3691,77.6790,-77.6105,0,0,0,0
971,971000,-0.0132,-0.0132,-0.0042,-0.0306,-27.4328,87.7682,-59.9190,0,0,0,0
972,972000,-0.0008,0.0068,0.0018,0.0078,-53.2070,89.7493,-36.4263,0,0,0,0
973,973000,0.0131,-0.0110,0.0042,0.0063,-72.7142,82.1710,-9.7139,0,0,0,0
974,974000,0.0055,-0.0083,0.0026,-0.0001,-85.6678,66.9202,18.8702,0,0,0,0
975,975000,-0.0091,-0.0096,-0.0024,-0.0211,-89.9496,44.6029,44.6436,0,0,0,0
976,976000,-0.0057,0.0100,0.0118,0.0161,-84.9810,18.7760,66.8537,0,0,0,0
977,977000,0.0017,-0.0047,0.0120,0.0090,-72.5988,-9.4839,81.9725,0,0,0,0
978,978000,-0.0018,-0.0048,0.0113,0.0047,-52.9727,-36.7449,89.7028,0,0,0,0
979,979000,0.0069,-0.0069,0.0112,0.0113,-27.9272,-60.4812,87.9525,0,0,0,0
980,980000,-0.0030,0.0025,-0.0073,-0.0077,0.3844,-77.5545,77.9665,0,0,0,0
981,981000,0.0101,-0.0014,0.0108,0.0195,27.5529,-88.0977,60.4364,0,0,0,0
982,982000,-0.0067,0.0050,0.0017,0.0000,52.8149,-89.1813,36.2130,0,0,0,0
983,983000,-0.0128,-0.0023,-0.0006,-0.0157,72.5072,-81.9550,9.7790,0,0,0,0
984,984000,0.0138,0.0009,0.0006,0.0154,85.5706,-66.5023,-18.3519,0,0,0,0
985,985000,-0.0065,-0.0112,0.0112,-0.0066,89.5893,-45.3492,-44.8435,0,0,0,0
986,986000,-0.0105,-0.0109,-0.0129,-0.0343,85.5906,-18.6926,-66.9008,0,0,0,0
987,987000,0.0113,-0.0087,0.0080,0.0106,72.6782,9.5052,-82.1660,0,0,0,0
988,988000,-0.0008,0.0102,-0.0072,0.0022,52.8686,36.1947,-89.7331,0,0,0,0
989,989000,-0.0063,-0.0055,-0.0099,-0.0218,27.6939,60.4829,-87.7523,0,0,0,0
990,990000,0.0019,-0.0101,-0.0041,-0.0123,0.2901,77.9949,-78.1083,0,0,0,0
991,991000,-0.0109,-0.0011,0.0103,-0.0017,-27.5442,88.1739,-60.0719,0,0,0,0
992,992000,0.0027,0.0023,0.0096,0.0146,-53.0699,89.4376,-36.1143,0,0,0,0
993,993000,0.0016,0.0087,0.0031,0.0133,-72.7242,82.4294,-8.9891,0,0,0,0
994,994000,-0.0068,-0.0057,-0.0049,-0.0173,-85.5441,66.5292,18.5728,0,0,0,0
995,995000,-0.0117,0.0012,0.0109,0.0003,-90.0636,44.7914,44.7247,0,0,0,0
996,996000,-0.0090,-0.0097,-0.0103,-0.0289,-85.1235,18.8269,67.0668,0,0,0,0
997,997000,-0.0086,-0.0090,0.0044,-0.0132,-72.6997,-9.4721,81.6175,0,0,0,0
998,998000,-0.0076,0.0022,0.0055,0.0001,-52.8359,-36.5269,89.5929,0,0,0,0
999,999000,-0.0029,0.0094,0.0082,0.0147,-27.4654,-60.5174,88.2908,0,0,0,0
